MovingPlate	FixedPlate	EndChron	EndAge	RotLat	RotLong	RotAng	Kappahat	a	b	c	d	e	f	Points	Segs	Plates	DOF	Source
701	1	None	0	46.19	-87.86	0	1	1.00E-15	1.00E-15	1.00E-15	1.00E-15	1.00E-15	1.00E-15	36	10	2	13	 O'Neill et al 2005 moving
701	1	None	10	46.19	-87.86	-1.92	0.92	9.94E-05	-3.80E-06	-1.18E-06	2.84E-05	-2.30E-05	8.68E-05	36	10	2	13	 O'Neill et al 2005 moving
701	1	None	30	43.54	-69.67	-6.05	3.31	9.89E-05	2.14E-05	-3.56E-05	8.19E-05	-6.45E-05	1.18E-04	36	10	2	13	 O'Neill et al 2005 moving
701	1	None	40	44.56	-54.31	-8.08	0.6	6.39E-04	-9.58E-05	-3.09E-04	1.54E-04	-2.27E-05	3.49E-04	36	10	2	13	 O'Neill et al 2005 moving
701	1	None	50	36.97	-58.9	-10.26	1.24	7.60E-04	-1.29E-04	-4.44E-04	1.65E-04	-1.35E-05	4.53E-04	36	10	2	13	 O'Neill et al 2005 moving
701	1	None	60	23.73	-42.14	-12.53	2.31	1.61E-03	8.69E-05	-6.22E-04	6.07E-04	-2.63E-04	7.51E-04	36	10	2	13	 O'Neill et al 2005 moving
701	1	None	90	14.6	-33.26	-16.24	2.47	5.47E-04	-9.38E-05	5.78E-06	1.18E-04	-7.96E-05	5.36E-04	36	10	2	13	 O'Neill et al 2005 moving
701	1	None	100	14.4	-29.63	-20.08	3.25	2.41E-04	-1.79E-05	1.48E-05	3.16E-04	-1.69E-05	1.92E-04	36	10	2	13	 O'Neill et al 2005 moving
701	1	None	120	17.03	-27	-29.72	9.06	7.81E-04	3.73E-04	4.38E-04	6.44E-04	4.17E-04	5.87E-04	36	10	2	13	 O'Neill et al 2005 moving
701	1	None	120	22.49	-37.22	-30.63	66.18	1.11E-03	1.69E-04	1.46E-03	9.99E-04	1.31E-03	4.19E-03	36	10	2	13	O'Neill et al 2005
101	701	1o	0.78	79.2	40.2	0.18	1	7.41E-09	-5.77E-09	4.29E-09	5.93E-09	-3.35E-09	5.15E-09	165	40	2	82	Demets et al 2010
101	701	C5n.1ny	9.74	80.98	22.82	2.48	2.46	4.72E-05	-4.05E-05	2.79E-05	4.35E-05	-2.90E-05	2.06E-05	271	40	2	188	Muller et al 1999
101	701	C6ny	19.05	80.89	23.28	5.24	1.96	6.13E-05	-4.97E-05	3.56E-05	5.20E-05	-3.59E-05	2.68E-05	191	33	2	122	Muller et al 1999
101	701	C8n.1ny	25.82	79.34	28.56	7.04	2.53	1.71E-04	-1.71E-04	1.24E-04	1.96E-04	-1.41E-04	1.04E-04	140	18	2	101	Muller et al 1999
101	701	C13ny?	33.06	75.99	5.98	9.77	1.19	8.32E-05	-8.47E-05	5.97E-05	1.03E-04	-7.14E-05	5.21E-05	159	31	2	94	Muller et al 1999
101	701	C18n1ny?	38.43	74.54	0.19	11.92	1.65	1.98E-04	-2.08E-04	1.43E-04	2.41E-04	-1.64E-04	1.16E-04	94	15	2	61	Muller et al 1999
101	701	C21ny	46.26	74.23	-5.01	15.11	1.19	1.80E-04	-2.03E-04	1.36E-04	2.68E-04	-1.80E-04	1.26E-04	96	21	2	51	Muller et al 1999
101	701	C24n.1ny	52.36	77.34	-1.61	16.96	3.08	2.65E-04	-3.13E-04	2.07E-04	4.05E-04	-2.67E-04	1.80E-04	94	18	2	55	Muller et al 1999
101	701	C25ny	55.9	80.64	6.57	17.9	1.26	1.19E-04	-1.36E-04	8.64E-05	1.87E-04	-1.18E-04	7.87E-05	110	21	2	65	Muller et al 1999
101	701	C30ny	65.58	82.74	2.93	20.84	1.07	9.12E-05	-1.07E-04	6.64E-05	1.58E-04	-9.83E-05	6.45E-05	135	23	2	86	Muller et al 1999
101	701	C32n.2ny	71.59	81.35	-8.32	22.75	1.33	1.23E-04	-1.62E-04	9.70E-05	2.42E-04	-1.46E-04	9.10E-05	142	25	2	89	Muller et al 1999
101	701	C33no	79.08	78.64	-18.16	26.98	1.85	4.09E-05	-4.02E-05	2.34E-05	5.73E-05	-3.48E-05	2.38E-05	155	25	2	102	Muller et al 1999
101	701	C34ny	83	76.81	-20.59	29.51	1.82	6.20E-05	-4.83E-05	2.47E-05	6.96E-05	-4.29E-05	3.07E-05	144	23	2	95	Muller et al 1999
101	701	M0ry	120.6	66.28	-19.82	54.44	1	1.00E-15	1.00E-15	1.00E-15	1.00E-15	1.00E-15	1.00E-15	100	NA	NA	50	Muller et al. 1997
101	701	M4ny	125.7	66.11	-18.95	56.48	1	1.00E-15	1.00E-15	1.00E-15	1.00E-15	1.00E-15	1.00E-15	100	NA	NA	50	Muller et al. 1997
101	701	M10Nn.3no	130.5	65.95	-18.5	57.45	1	1.00E-15	1.00E-15	1.00E-15	1.00E-15	1.00E-15	1.00E-15	100	NA	NA	50	Muller et al. 1997
301	101	1o	0.78	66.89	137.2	-0.2	1	1.41E-07	-7.40E-08	2.47E-07	4.20E-08	-1.30E-07	4.82E-07	602	54	2	493	Merkouriev and DeMets 2008
301	101	2m	1.86	62.2	138.79	-0.39	1	8.70E-08	-4.50E-08	1.65E-07	3.50E-08	-7.80E-08	3.45E-07	632	33	2	565	Merkouriev and DeMets 2008
301	101	2An.1	2.58	63.63	137.44	-0.56	1	4.90E-08	6.00E-09	5.10E-08	5.10E-08	-7.70E-08	2.11E-07	683	38	2	607	Merkouriev and DeMets 2008
301	101	2An.3	3.58	61.84	139	-0.76	1	1.89E-07	2.20E-08	1.74E-07	1.08E-07	-1.07E-07	3.59E-07	562	41	2	480	Merkouriev and DeMets 2008
301	101	3n.1	4.18	63.83	135.81	-0.89	1	3.04E-07	1.30E-08	2.50E-07	1.08E-07	-1.71E-07	5.64E-07	404	33	2	338	Merkouriev and DeMets 2008
301	101	3n.4	5.23	61.1	137.88	-1.09	1	2.58E-07	-1.00E-08	3.24E-07	2.01E-07	-2.84E-07	8.55E-07	396	28	2	340	Merkouriev and DeMets 2008
301	101	3An.1ny	5.89	63.29	135.33	-1.26	1	1.27E-07	-1.70E-08	1.79E-07	1.30E-07	-2.13E-07	5.78E-07	394	30	2	334	Merkouriev and DeMets 2008
301	101	3An.2no	6.57	65.73	134.86	-1.46	1	5.17E-07	-1.15E-07	7.70E-07	3.34E-07	-6.75E-07	2.08E-06	307	28	2	251	Merkouriev and DeMets 2008
301	101	4n.1ny	7.43	63.21	137.88	-1.59	1	2.95E-07	-5.10E-08	4.33E-07	2.71E-07	-4.92E-07	1.39E-06	374	33	2	308	Merkouriev and DeMets 2008
301	101	4n.2no	8.07	64.43	137.29	-1.78	1	4.85E-07	-4.60E-08	5.93E-07	3.82E-07	-7.04E-07	1.93E-06	353	23	2	307	Merkouriev and DeMets 2008
301	101	4Ano	9.03	64.86	135.65	-2.05	1	7.58E-07	-1.46E-07	1.00E-06	8.29E-07	-1.61E-06	3.94E-06	276	22	2	232	Merkouriev and DeMets 2008
301	101	5n.1ny	9.74	66.1	137.62	-2.27	1	2.65E-06	4.27E-07	2.01E-06	1.12E-06	-1.27E-06	4.22E-06	340	26	2	288	Merkouriev and DeMets 2008
301	101	5n.2no	10.95	67.75	133.17	-2.62	1	8.14E-07	-1.25E-07	1.00E-06	5.35E-07	-1.07E-06	2.98E-06	344	27	2	290	Merkouriev and DeMets 2008
301	101	5An.2o	12.4	67.19	133.86	-2.99	1	9.29E-06	1.90E-07	8.35E-06	1.70E-06	-2.61E-06	1.24E-05	228	20	2	188	Merkouriev and DeMets 2008
301	101	5ACny	13.7	67.39	132.58	-3.35	1	3.26E-05	-7.56E-06	4.37E-05	2.54E-06	-1.14E-05	6.08E-05	144	16	2	112	Merkouriev and DeMets 2008
301	101	5ADno	14.61	69.5	127.69	-3.69	1	1.19E-04	-2.54E-05	1.51E-04	8.39E-06	-3.71E-05	2.00E-04	148	15	2	118	Merkouriev and DeMets 2008
301	101	5Cn.1ny	16.01	67.97	133.21	-4.02	1	1.37E-05	-1.21E-06	1.47E-05	1.98E-06	-4.31E-06	2.10E-05	200	17	2	166	Merkouriev and DeMets 2008
301	101	5Dny	17.23	68.85	129.75	-4.39	1	1.00E-05	-1.30E-06	1.27E-05	7.59E-07	-2.40E-06	1.72E-05	153	15	2	123	Merkouriev and DeMets 2008
301	101	5Eny	18.28	70.16	129.1	-4.71	1	1.24E-05	-3.27E-06	1.78E-05	1.16E-06	-5.18E-06	2.66E-05	194	16	2	162	Merkouriev and DeMets 2008
301	101	6ny	19.05	72.12	126.7	-5.05	1	3.41E-05	-1.85E-06	4.17E-05	4.76E-06	-7.17E-06	5.67E-05	188	17	2	154	Merkouriev and DeMets 2008
301	101	6no	20.13	68.62	131.76	-5.03	1	6.16E-06	-7.42E-07	7.17E-06	5.08E-07	-1.56E-06	9.64E-06	230	19	2	192	Merkouriev and DeMets 2008
301	101	C13ny	33.06	68.22	131.53	-7.65	1.56	8.39E-08	1.84E-08	7.40E-08	5.81E-08	-7.53E-08	3.24E-07	346	31	2	281	Gaina et al 2002
301	101	C18n.1no	39.55	67.72	133.91	-9.25	2.52	1.38E-07	1.75E-07	5.51E-08	4.41E-07	-1.01E-07	3.69E-07	106	9	2	85	Gaina et al 2002
301	101	C21no	47.91	65.38	138.44	-10.96	0.74	9.52E-08	2.43E-08	1.03E-07	9.25E-08	-2.76E-08	2.63E-07	460	27	2	400	Gaina et al 2002
301	101	C22no	49.71	64.52	138.18	-11.5	1.06	1.37E-07	1.26E-07	9.91E-08	3.24E-07	-3.50E-08	3.03E-07	353	21	2	305	Gaina et al 2002
301	101	C24n.3no	53.35	63.07	144.26	-12.82	0.84	1.48E-07	9.96E-08	1.97E-07	3.42E-07	9.63E-08	4.16E-07	329	19	2	285	Gaina et al 2002
301	101	C25ny	55.9	56.17	145.06	-13.24	0.89	5.29E-06	-2.42E-06	6.57E-06	1.29E-06	-3.02E-06	8.25E-06	112	6	2	97	Gaina et al 2002
301	101	C31no	68.74	54.45	147.06	-15.86	1.04	6.65E-06	-2.69E-06	7.95E-06	1.34E-06	-3.21E-06	9.59E-06	120	7	2	103	Gaina et al 2002
301	101	C33o	79.08	63.4	147.75	-18.48	1	4.39E-06	-1.66E-06	5.14E-06	8.57E-07	-1.93E-06	6.09E-06	158	9	2	137	Gaina et al 2002
301	101	C34ny	83	66.54	148.91	-19.7	1	1.00E-15	1.00E-15	1.00E-15	1.00E-15	1.00E-15	1.00E-15	100	NA	NA	50	Muller and Roest 1992 JGR
301	101	None	120	61.76	-132.95	-10.98	1	1.00E-15	1.00E-15	1.00E-15	1.00E-15	1.00E-15	1.00E-15	100	NA	NA	50	Earthbyte Rotation File
