Cocos-Pacific	C1no	0.78	-31.75	57.45	0.866	1	1.79E-008	2.72E-008	1.19E-008	1.07E-007	3.09E-008	3.36E-008	115	NA	NA	60	Calculated
Cocos-Pacific	Interpolated	6.57	-22.98	71.39	11.439	0.32	2.18E-007	5.00E-007	2.54E-007	2.67E-006	1.22E-006	6.01E-007	148	NA	NA	89	Calculated
Cocos-Pacific	Interpolated	8.86	-23.32	72.56	16.184	0.45	2.14E-007	4.04E-007	2.27E-007	3.67E-006	1.64E-006	7.98E-007	143	NA	NA	84	Calculated
Cocos-Pacific	Interpolated	10.95	-25.45	72.29	20.371	0.56	2.08E-007	1.71E-007	1.38E-007	3.77E-006	1.52E-006	6.82E-007	142	NA	NA	83	Calculated
Cocos-Pacific	Interpolated	13.07	-26.02	70.63	24.453	0.5	1.76E-007	1.09E-008	7.56E-008	2.30E-006	8.19E-007	3.72E-007	144	NA	NA	85	Calculated
Cocos-Pacific	Interpolated	15.1	-25.65	65.78	26.982	0.58	2.54E-007	4.94E-008	1.26E-007	5.28E-006	1.74E-006	7.06E-007	130	NA	NA	71	Calculated
Cocos-Pacific	Interpolated	17.45	-28.87	63.57	29.964	0.21	5.14E-007	-2.25E-007	2.31E-007	6.59E-006	2.39E-006	1.17E-006	128	NA	NA	69	Calculated
Cocos-Pacific	Interpolated	24.73	-31.01	58.46	36.942	0.38	3.82E-007	-1.12E-006	-1.97E-007	4.38E-006	7.68E-007	2.13E-007	139	NA	NA	78	Calculated
Cocos-Pacific	Interpolated	28.28	-34.34	55.5	38.506	0.4	1.90E-007	-3.90E-007	1.63E-008	2.35E-006	3.27E-007	1.46E-007	147	NA	NA	88	Calculated
Nazca-Pacific	1no	0.78	52.7	-88.6	-0.47	1	1.62E-008	2.46E-008	1.09E-008	9.61E-008	2.81E-008	3.05E-008	15	1	2	10	De Mets et al. 2010*.45
Nazca-Pacific	3An.2no	6.57	-54.38	85.34	4.36	0.17	2.73E-007	5.95E-007	3.06E-007	2.28E-006	1.12E-006	5.85E-007	48	3	2	39	Wilder *.45
Nazca-Pacific	4Any	8.86	-58.23	86.36	5.8	0.25	3.05E-007	6.56E-007	3.48E-007	3.02E-006	1.50E-006	7.90E-007	43	3	2	34	Wilder *.44
Nazca-Pacific	5n.2no	10.95	-60.01	86.73	7.59	0.34	3.01E-007	5.50E-007	2.92E-007	3.15E-006	1.48E-006	7.44E-007	42	3	2	33	Wilder * .45
Nazca-Pacific	5AAnm	13.07	-62	87.21	9.03	0.29	2.39E-007	2.97E-007	1.71E-007	1.93E-006	8.73E-007	4.43E-007	44	3	2	35	Wilder * .46
Nazca-Pacific	5B.2nm	15.10	-64.52	83.61	10.63	0.29	3.90E-007	6.69E-007	3.66E-007	4.34E-006	2.00E-006	1.01E-006	30	3	2	21	Wilder * .46
Nazca-Pacific	5Dnm	17.45	-72.22	89.27	11.92	0.07	7.51E-007	7.73E-007	5.96E-007	5.09E-006	2.73E-006	1.60E-006	28	3	2	19	Wilder * .45
Nazca-Pacific	7n.1ny	24.73	-61.15	88.86	15.55	0.18	1.27E-007	-4.05E-007	-2.11E-007	3.01E-006	1.52E-006	8.46E-007	39	4	2	28	Wilder * .4
Nazca-Pacific	10n.1ny	28.28	-66.11	82.81	17.96	0.59	2.79E-007	-4.92E-007	-1.75E-007	4.00E-006	1.82E-006	9.57E-007	67	7	2	50	Combined Wilder, Cande & Haxby Ð scale by .41
Nazca-Pacific	13y	33.06	-71.077	78.299	20.767	0.42	1.234E-06	-8.374E-07	-5.386E-07	1.100E-05	4.026E-06	2.741E-06	161	NA	NA	123.	Calculated
Nazca-Pacific	17n.1ny	36.62	-75.232	76.362	22.674	1.00	5.535E-06	-1.694E-07	-1.457E-06	2.421E-05	4.804E-06	6.609E-06	253	NA	NA	10000.	Calculated
Nazca-Pacific	18.2no	40.13	-78.215	76.803	24.008	1.00	6.720E-06	7.221E-07	-1.740E-06	2.890E-05	3.653E-06	7.721E-06	251	NA	NA	10000.	Calculated
Nazca-Pacific	20o	43.79	-80.411	73.238	25.885	1.00	9.781E-06	3.398E-06	-2.856E-06	3.528E-05	1.260E-06	9.875E-06	346	NA	NA	10000.	Calculated
Nazca-Pacific	24o	53.35	-86.247	67.564	30.006	1.00	1.006E-05	3.092E-06	-2.650E-06	3.795E-05	4.293E-07	1.058E-05	479	NA	NA	10000.	Calculated
Nazca-Pacific	29o	64.75	-89.247	17.128	33.613	1.00	9.608E-06	2.144E-06	-2.310E-06	3.870E-05	4.640E-08	1.085E-05	655	NA	NA	10000.	Calculated
Nazca-Pacific	33y	73.62	-88.206	-84.935	36.500	1.00	9.714E-06	1.674E-06	-2.279E-06	3.969E-05	-4.545E-07	1.124E-05	794	NA	NA	10000.	Calculated
Nazca-Pacific	34y	83.00	-85.403	-116.972	39.740	1.00	2.018E-05	8.814E-06	-7.417E-06	5.082E-05	-6.159E-06	1.632E-05	883	NA	NA	10000.	Calculated
Pacific-W Antarcticaa	1no	0.78	64.3	-81.21	0.68	2.62	1.18E-009	6.47E-010	1.59E-009	4.26E-009	7.92E-009	4.43E-009	111	12	2	84	Croon et al 2008
Pacific-W Antarcticaa	2nm	1.86	64.9	-81.14	1.61	1.21	9.05E-009	2.51E-010	8.38E-009	6.54E-009	9.72E-009	3.00E-009	80	8	2	61	Croon et al 2008
Pacific-W Antarcticaa	2An.1ny	2.58	65.2	-81.23	2.23	2.05	2.78E-008	-6.69E-010	2.00E-009	2.37E-009	3.41E-009	8.94E-009	73	7	2	56	Croon et al 2008
Pacific-W Antarcticaa	2An.3no	3.58	65.9	-81.17	3.11	1.38	1.04E-008	6.61E-010	1.23E-008	8.30E-009	1.31E-008	4.28E-008	80	8	2	61	Croon et al 2008
Pacific-W Antarcticaa	3n.1nm	4.24	66.62	-80.53	3.7	2.43	1.00E-008	6.62E-010	1.01E-008	7.62E-009	1.14E-008	3.44E-008	72	6	2	57	Croon et al 2008
Pacific-W Antarcticaa	3n.4nm	5.11	66.91	-80.66	4.48	2.62	1.36E-008	1.47E-009	1.96E-008	7.24E-009	1.33E-008	5.86E-008	81	8	2	62	Croon et al 2008
Pacific-W Antarcticaa	3An.1ny	5.89	67.09	-81.08	5.21	2.91	3.53E-008	2.55E-008	4.27E-008	3.23E-008	4.07E-008	8.12E-008	73	7	2	56	Croon et al 2008
Pacific-W Antarcticaa	3An.2no	6.57	67.33	-81.2	5.81	1.48	1.32E-008	2.40E-009	2.17E-008	8.21E-009	1.54E-008	6.55E-008	74	7	2	57	Croon et al 2008
Pacific-W Antarcticaa	4n.2nm	7.86	68.16	-80.54	6.83	1.41	2.38E-008	9.54E-009	4.41E-008	1.50E-008	2.67E-008	1.18E-007	80	8	2	61	Croon et al 2008
Pacific-W Antarcticaa	4Anm	8.86	68.83	-79.97	7.64	1.34	1.12E-008	3.39E-009	1.69E-008	9.68E-009	1.56E-008	5.03E-008	84	8	2	65	Croon et al 2008
Pacific-W Antarcticaa	5n.1ny	9.74	69.71	-78.57	8.42	1.01	1.59E-008	5.97E-009	3.17E-008	1.22E-008	2.32E-008	8.91E-008	82	8	2	63	Croon et al 2008
Pacific-W Antarcticaa	5n.2no	10.95	70.36	-77.81	9.48	1.75	2.52E-008	6.62E-009	3.49E-008	2.72E-008	3.92E-008	1.06E-007	85	7	2	68	Croon et al 2008
Pacific-W Antarcticaa	5An.2nm	12.29	71.29	-76.12	10.63	1.25	9.64E-009	4.97E-009	1.45E-008	1.12E-008	1.60E-008	3.84E-008	91	8	2	72	Croon et al 2008
Pacific-W Antarcticaa	5AAnm	13.07	71.75	-75.12	11.28	1.37	1.55E-008	8.50E-009	2.19E-008	1.34E-008	1.92E-008	5.25E-008	88	8	2	69	Croon et al 2008
Pacific-W Antarcticaa	5ADnm	14.4	72.38	-73.58	12.42	2.13	1.43E-008	7.02E-009	1.60E-008	1.11E-008	1.55E-008	3.61E-008	90	8	2	71	Croon et al 2008
Pacific-W Antarcticaa	5Bn.2nm	15.1	72.6	-73.19	13.01	2.78	4.48E-008	1.92E-008	4.50E-008	2.97E-008	4.15E-008	9.77E-008	91	9	2	70	Croon et al 2008
Pacific-W Antarcticaa	5Cn.1nm	16.15	72.97	-72.5	13.95	2.27	6.11E-008	3.17E-008	7.43E-008	4.10E-008	5.52E-008	1.63E-007	88	8	2	69	Croon et al 2008
Pacific-W Antarcticaa	5Cn.3nm	16.64	73.18	-72.03	14.34	1.47	1.66E-008	8.02E-009	2.28E-008	1.21E-008	1.75E-008	5.33E-008	86	8	2	67	Croon et al 2008
Pacific-W Antarcticaa	5Dnm	17.45	73.39	-71.58	14.93	1.47	1.47E-008	6.78E-009	1.72E-008	1.04E-008	1.47E-008	3.97E-008	87	8	2	68	Croon et al 2008
Pacific-W Antarcticaa	5Eny	18.28	73.62	-70.91	15.42	1.88	3.33E-008	1.92E-008	3.18E-008	1.90E-008	2.40E-008	4.94E-008	79	7	2	62	Croon et al 2008
Pacific-W Antarcticaa	6ny	19.05	73.71	-70.94	15.95	1.41	2.02E-008	8.76E-009	2.31E-008	1.18E-008	1.65E-008	4.44E-008	84	8	2	65	Croon et al 2008
Pacific-W Antarcticaa	6no	20.13	74	-70.16	16.73	1.93	2.00E-008	8.48E-009	2.37E-008	1.13E-008	1.54E-008	4.65E-008	77	7	2	60	Croon et al 2008
Pacific-W Antarcticaa	6An.2nm	21.16	74.13	-70.09	17.38	2.66	1.68E-008	7.96E-009	2.09E-008	1.14E-008	1.58E-008	4.36E-008	75	7	2	58	Croon et al 2008
Pacific-W Antarcticaa	6nB.2no	23.07	74.39	-69.73	18.68	2.83	3.51E-008	1.83E-008	4.07E-008	1.95E-008	1.71E-008	9.31E-008	81	7	2	64	Croon et al 2008
Pacific-W Antarcticaa	6Cn.3nm	24.06	74.48	-69.58	19.35	2.08	2.33E-008	1.21E-008	2.56E-008	1.36E-008	1.77E-008	4.59E-008	80	6	2	65	Croon et al 2008
Pacific-W Antarcticaa	7n.2ny	24.84	74.51	-69.66	19.92	2.45	3.89E-008	1.35E-008	6.05E-008	1.82E-008	4.16E-009	1.86E-008	87	7	2	70	Croon et al 2008
Pacific-W Antarcticaa	8n.1ny	25.82	74.5	-69.84	20.63	2.03	4.18E-008	2.23E-008	4.20E-008	2.04E-008	2.35E-008	6.79E-008	80	7	2	63	Croon et al 2008
Pacific-W Antarcticaa	8n.2no	26.55	74.51	-69.81	21.18	1.12	2.73E-008	1.51E-008	3.01E-008	1.63E-008	2.13E-008	5.22E-008	87	7	2	70	Croon et al 2008
Pacific-W Antarcticaa	9ny	27.03	74.46	-69.9	21.53	1.3	2.75E-008	1.54E-008	3.04E-008	1.64E-008	2.03E-008	5.38E-008	80	7	2	63	Croon et al 2008
Pacific-W Antarcticaa	9no	27.97	74.4	-69.75	22.23	1.3	2.42E-008	1.44E-008	2.63E-008	1.57E-008	2.08E-008	4.34E-008	91	7	2	74	Croon et al 2008
Pacific-W Antarcticaa	10n.1ny	28.28	74.41	-69.5	22.58	1.58	2.13E-008	1.32E-008	2.28E-008	1.51E-008	2.03E-008	3.88E-008	94	8	2	75	Croon et al 2008
Pacific-W Antarcticaa	10n.2no	28.75	74.33	-69.54	22.95	2.92	2.33E-008	1.32E-008	2.48E-008	1.36E-008	1.77E-008	3.95E-008	97	8	2	78	Croon et al 2008
Pacific-W Antarcticaa	11n.1ny	29.4	74.38	-68.71	23.66	2.2	1.81E-008	1.09E-008	2.14E-008	1.42E-008	1.91E-008	4.16E-008	96	9	2	75	Croon et al 2008
Pacific-W Antarcticaa	11n.2no	30.1	74.33	-68.43	24.23	1.12	1.94E-008	9.60E-009	2.34E-008	1.25E-008	1.67E-008	4.75E-008	92	9	2	71	Croon et al 2008
Pacific-W Antarcticaa	12ny	30.48	74.37	-67.75	24.71	2.67	1.97E-008	1.00E-008	2.10E-008	1.30E-008	1.74E-008	3.88E-008	82	8	2	63	Croon et al 2008
Pacific-W Antarcticaa	12no	30.94	74.32	-67.59	25.06	1.15	1.92E-008	1.00E-008	1.99E-008	1.30E-008	1.74E-008	3.95E-008	79	8	2	60	Croon et al 2008
Pacific-W Antarcticaa	13ny	33.06	74.44	-64.74	26.97	1.83	3.27E-008	1.67E-008	3.13E-008	1.63E-008	2.17E-008	4.92E-008	84	10	2	61	Croon et al 2008
Pacific-W Antarcticaa	13no	33.55	74.48	-64.02	27.4	1.57	5.29E-008	3.16E-008	7.20E-009	2.68E-008	3.37E-008	6.19E-008	85	9	2	64	Croon et al 2008
Pacific-W Antarcticaa	15ny	34.66	74.62	-61.89	28.4	1.11	4.21E-008	2.70E-008	4.19E-008	2.47E-008	3.27E-008	5.61E-008	94	9	2	73	Croon et al 2008
Pacific-W Antarcticaa	15no	34.94	74.63	-61.49	28.62	2.77	1.22E-007	8.05E-008	1.21E-007	7.38E-008	9.56E-008	1.64E-007	88	7	2	71	Croon et al 2008
Pacific-W Antarcticaa	16n.2ny	35.69	74.7	-60.18	29.23	1.46	4.22E-008	2.73E-008	4.36E-008	2.54E-008	3.22E-008	6.03E-008	82	6	2	67	Croon et al 2008
Pacific-W Antarcticaa	16n.2no	36.34	74.75	-59.05	29.81	2.96	1.27E-007	8.52E-008	1.30E-007	8.01E-008	1.03E-007	1.80E-007	83	6	2	68	Croon et al 2008
Pacific-W Antarcticaa	17n.1ny	36.62	74.76	-58.64	30.05	1.15	4.14E-008	2.73E-008	4.31E-008	2.55E-008	3.36E-008	5.90E-008	90	7	2	73	Croon et al 2008
Pacific-W Antarcticaa	18n.2no	37.47	74.82	-57.44	30.68	2.01	1.32E-007	8.85E-008	1.37E-007	8.25E-008	1.08E-007	1.89E-007	88	7	2	71	Croon et al 2008
Pacific-W Antarcticaa	18n.1ny	38.43	74.86	-56.21	31.41	2.13	4.11E-008	3.04E-008	4.83E-008	3.05E-008	4.02E-008	7.09E-008	96	8	2	77	Croon et al 2008
Pacific-W Antarcticaa	18n.2no	40.13	74.87	-54.46	32.62	2.77	1.48E-007	1.04E-007	1.61E-007	9.82E-008	1.34E-007	2.24E-007	95	10	2	72	Croon et al 2008
Pacific-W Antarcticaa	19nm	41.39	74.86	-53.25	33.53	1.01	4.91E-008	2.75E-008	5.98E-008	2.72E-008	4.00E-008	9.71E-008	81	11	2	56	Croon et al 2008
Pacific-W Antarcticaa	20ny	42.54	74.86	-52.23	34.22	1.85	3.21E-007	1.60E-007	3.94E-007	1.48E-007	1.94E-007	6.15E-007	62	9	2	41	Croon et al 2008
Pacific-W Antarcticaa	20no	43.79	74.78	-51.61	35.29	1.06	5.71E-007	2.27E-008	8.84E-007	2.58E-008	2.95E-008	1.46E-006	32	4	2	21	Croon et al 2008
Pacific-W Antarcticaa	21nm	47.09	74.52	-50.19	37.64	1	1.00E-015	1.00E-015	1.00E-015	1.00E-015	1.00E-015	1.00E-015	100	NA	NA	50	Cande et al. 1996
Pacific-W Antarcticaa	24n.3no	53.35	73.63	-52.5	40.03	1	1.00E-015	1.00E-015	1.00E-015	1.00E-015	1.00E-015	1.00E-015	100	NA	NA	50	Cande & Stock 2004b
Pacific-W Antarcticaa	27nm	61.1	71.46	-55.07	45.2	1	1.00E-015	1.00E-015	1.00E-015	1.00E-015	1.00E-015	1.00E-015	100	NA	NA	50	Cande & Stock 2004b
Pacific-W Antarcticaa	30rm	67.7	68.94	-55.52	49.6	1	1.00E-015	1.00E-015	1.00E-015	1.00E-015	1.00E-015	1.00E-015	100	NA	NA	50	Larter et al. 2002
Pacific-W Antarcticaa	33ny	73.62	66.72	-55.04	53.74	1	1.00E-015	1.00E-015	1.00E-015	1.00E-015	1.00E-015	1.00E-015	100	NA	NA	50	Larter et al. 2002
Pacific-W Antarcticaa	34ny	83	65.58	-52.38	63.07	1	1.01E-015	1.00E-015	1.00E-015	1.00E-015	1.00E-015	1.00E-015	100	NA	NA	50	Larter et al. 2002
Pacific-W Antarcticaa	-	90	64.06	-49.94	67.99	1	1.00E-015	1.00E-015	1.00E-015	1.00E-015	1.00E-015	1.00E-015	100	NA	NA	50	Larter et al. 2002
Pacific-W Antarcticab	1no	0.78	64.3	-81.21	0.68	2.62	1.18E-009	6.47E-010	1.59E-009	4.26E-009	7.92E-009	4.43E-009	111	12	2	84	Croon et al 2008
Pacific-W Antarcticab	2nm	1.86	64.9	-81.14	1.61	1.21	9.05E-009	2.51E-010	8.38E-009	6.54E-009	9.72E-009	3.00E-009	80	8	2	61	Croon et al 2008
Pacific-W Antarcticab	2An.1ny	2.58	65.2	-81.23	2.23	2.05	2.78E-008	-6.69E-010	2.00E-009	2.37E-009	3.41E-009	8.94E-009	73	7	2	56	Croon et al 2008
Pacific-W Antarcticab	2An.3no	3.58	65.9	-81.17	3.11	1.38	1.04E-008	6.61E-010	1.23E-008	8.30E-009	1.31E-008	4.28E-008	80	8	2	61	Croon et al 2008
Pacific-W Antarcticab	3n.1nm	4.24	66.62	-80.53	3.7	2.43	1.00E-008	6.62E-010	1.01E-008	7.62E-009	1.14E-008	3.44E-008	72	6	2	57	Croon et al 2008
Pacific-W Antarcticab	3n.4nm	5.11	66.91	-80.66	4.48	2.62	1.36E-008	1.47E-009	1.96E-008	7.24E-009	1.33E-008	5.86E-008	81	8	2	62	Croon et al 2008
Pacific-W Antarcticab	3An.1ny	5.89	67.09	-81.08	5.21	2.91	3.53E-008	2.55E-008	4.27E-008	3.23E-008	4.07E-008	8.12E-008	73	7	2	56	Croon et al 2008
Pacific-W Antarcticab	3An.2no	6.57	67.33	-81.2	5.81	1.48	1.32E-008	2.40E-009	2.17E-008	8.21E-009	1.54E-008	6.55E-008	74	7	2	57	Croon et al 2008
Pacific-W Antarcticab	4n.2nm	7.86	68.16	-80.54	6.83	1.41	2.38E-008	9.54E-009	4.41E-008	1.50E-008	2.67E-008	1.18E-007	80	8	2	61	Croon et al 2008
Pacific-W Antarcticab	4Anm	8.86	68.83	-79.97	7.64	1.34	1.12E-008	3.39E-009	1.69E-008	9.68E-009	1.56E-008	5.03E-008	84	8	2	65	Croon et al 2008
Pacific-W Antarcticab	5n.1ny	9.74	69.71	-78.57	8.42	1.01	1.59E-008	5.97E-009	3.17E-008	1.22E-008	2.32E-008	8.91E-008	82	8	2	63	Croon et al 2008
Pacific-W Antarcticab	5n.2no	10.95	70.36	-77.81	9.48	1.75	2.52E-008	6.62E-009	3.49E-008	2.72E-008	3.92E-008	1.06E-007	85	7	2	68	Croon et al 2008
Pacific-W Antarcticab	5An.2nm	12.29	71.29	-76.12	10.63	1.25	9.64E-009	4.97E-009	1.45E-008	1.12E-008	1.60E-008	3.84E-008	91	8	2	72	Croon et al 2008
Pacific-W Antarcticab	5AAnm	13.07	71.75	-75.12	11.28	1.37	1.55E-008	8.50E-009	2.19E-008	1.34E-008	1.92E-008	5.25E-008	88	8	2	69	Croon et al 2008
Pacific-W Antarcticab	5ADnm	14.4	72.38	-73.58	12.42	2.13	1.43E-008	7.02E-009	1.60E-008	1.11E-008	1.55E-008	3.61E-008	90	8	2	71	Croon et al 2008
Pacific-W Antarcticab	5Bn.2nm	15.1	72.6	-73.19	13.01	2.78	4.48E-008	1.92E-008	4.50E-008	2.97E-008	4.15E-008	9.77E-008	91	9	2	70	Croon et al 2008
Pacific-W Antarcticab	5Cn.1nm	16.15	72.97	-72.5	13.95	2.27	6.11E-008	3.17E-008	7.43E-008	4.10E-008	5.52E-008	1.63E-007	88	8	2	69	Croon et al 2008
Pacific-W Antarcticab	5Cn.3nm	16.64	73.18	-72.03	14.34	1.47	1.66E-008	8.02E-009	2.28E-008	1.21E-008	1.75E-008	5.33E-008	86	8	2	67	Croon et al 2008
Pacific-W Antarcticab	5Dnm	17.45	73.39	-71.58	14.93	1.47	1.47E-008	6.78E-009	1.72E-008	1.04E-008	1.47E-008	3.97E-008	87	8	2	68	Croon et al 2008
Pacific-W Antarcticab	5Eny	18.28	73.62	-70.91	15.42	1.88	3.33E-008	1.92E-008	3.18E-008	1.90E-008	2.40E-008	4.94E-008	79	7	2	62	Croon et al 2008
Pacific-W Antarcticab	6ny	19.05	73.71	-70.94	15.95	1.41	2.02E-008	8.76E-009	2.31E-008	1.18E-008	1.65E-008	4.44E-008	84	8	2	65	Croon et al 2008
Pacific-W Antarcticab	6no	20.13	74	-70.16	16.73	1.93	2.00E-008	8.48E-009	2.37E-008	1.13E-008	1.54E-008	4.65E-008	77	7	2	60	Croon et al 2008
Pacific-W Antarcticab	6An.2nm	21.16	74.13	-70.09	17.38	2.66	1.68E-008	7.96E-009	2.09E-008	1.14E-008	1.58E-008	4.36E-008	75	7	2	58	Croon et al 2008
Pacific-W Antarcticab	6nB.2no	23.07	74.39	-69.73	18.68	2.83	3.51E-008	1.83E-008	4.07E-008	1.95E-008	1.71E-008	9.31E-008	81	7	2	64	Croon et al 2008
Pacific-W Antarcticab	6Cn.3nm	24.06	74.48	-69.58	19.35	2.08	2.33E-008	1.21E-008	2.56E-008	1.36E-008	1.77E-008	4.59E-008	80	6	2	65	Croon et al 2008
Pacific-W Antarcticab	7n.2ny	24.84	74.51	-69.66	19.92	2.45	3.89E-008	1.35E-008	6.05E-008	1.82E-008	4.16E-009	1.86E-008	87	7	2	70	Croon et al 2008
Pacific-W Antarcticab	8n.1ny	25.82	74.5	-69.84	20.63	2.03	4.18E-008	2.23E-008	4.20E-008	2.04E-008	2.35E-008	6.79E-008	80	7	2	63	Croon et al 2008
Pacific-W Antarcticab	8n.2no	26.55	74.51	-69.81	21.18	1.12	2.73E-008	1.51E-008	3.01E-008	1.63E-008	2.13E-008	5.22E-008	87	7	2	70	Croon et al 2008
Pacific-W Antarcticab	9ny	27.03	74.46	-69.9	21.53	1.3	2.75E-008	1.54E-008	3.04E-008	1.64E-008	2.03E-008	5.38E-008	80	7	2	63	Croon et al 2008
Pacific-W Antarcticab	9no	27.97	74.4	-69.75	22.23	1.3	2.42E-008	1.44E-008	2.63E-008	1.57E-008	2.08E-008	4.34E-008	91	7	2	74	Croon et al 2008
Pacific-W Antarcticab	10n.1ny	28.28	74.41	-69.5	22.58	1.58	2.13E-008	1.32E-008	2.28E-008	1.51E-008	2.03E-008	3.88E-008	94	8	2	75	Croon et al 2008
Pacific-W Antarcticab	10n.2no	28.75	74.33	-69.54	22.95	2.92	2.33E-008	1.32E-008	2.48E-008	1.36E-008	1.77E-008	3.95E-008	97	8	2	78	Croon et al 2008
Pacific-W Antarcticab	11n.1ny	29.4	74.38	-68.71	23.66	2.2	1.81E-008	1.09E-008	2.14E-008	1.42E-008	1.91E-008	4.16E-008	96	9	2	75	Croon et al 2008
Pacific-W Antarcticab	11n.2no	30.1	74.33	-68.43	24.23	1.12	1.94E-008	9.60E-009	2.34E-008	1.25E-008	1.67E-008	4.75E-008	92	9	2	71	Croon et al 2008
Pacific-W Antarcticab	12ny	30.48	74.37	-67.75	24.71	2.67	1.97E-008	1.00E-008	2.10E-008	1.30E-008	1.74E-008	3.88E-008	82	8	2	63	Croon et al 2008
Pacific-W Antarcticab	12no	30.94	74.32	-67.59	25.06	1.15	1.92E-008	1.00E-008	1.99E-008	1.30E-008	1.74E-008	3.95E-008	79	8	2	60	Croon et al 2008
Pacific-W Antarcticab	13ny	33.06	74.44	-64.74	26.97	1.83	3.27E-008	1.67E-008	3.13E-008	1.63E-008	2.17E-008	4.92E-008	84	10	2	61	Croon et al 2008
Pacific-W Antarcticab	13no	33.55	74.48	-64.02	27.4	1.57	5.29E-008	3.16E-008	7.20E-009	2.68E-008	3.37E-008	6.19E-008	85	9	2	64	Croon et al 2008
Pacific-W Antarcticab	15ny	34.66	74.62	-61.89	28.4	1.11	4.21E-008	2.70E-008	4.19E-008	2.47E-008	3.27E-008	5.61E-008	94	9	2	73	Croon et al 2008
Pacific-W Antarcticab	15no	34.94	74.63	-61.49	28.62	2.77	1.22E-007	8.05E-008	1.21E-007	7.38E-008	9.56E-008	1.64E-007	88	7	2	71	Croon et al 2008
Pacific-W Antarcticab	16n.2ny	35.69	74.7	-60.18	29.23	1.46	4.22E-008	2.73E-008	4.36E-008	2.54E-008	3.22E-008	6.03E-008	82	6	2	67	Croon et al 2008
Pacific-W Antarcticab	16n.2no	36.34	74.75	-59.05	29.81	2.96	1.27E-007	8.52E-008	1.30E-007	8.01E-008	1.03E-007	1.80E-007	83	6	2	68	Croon et al 2008
Pacific-W Antarcticab	17n.1ny	36.62	74.76	-58.64	30.05	1.15	4.14E-008	2.73E-008	4.31E-008	2.55E-008	3.36E-008	5.90E-008	90	7	2	73	Croon et al 2008
Pacific-W Antarcticab	18n.2no	37.47	74.82	-57.44	30.68	2.01	1.32E-007	8.85E-008	1.37E-007	8.25E-008	1.08E-007	1.89E-007	88	7	2	71	Croon et al 2008
Pacific-W Antarcticab	18n.1ny	38.43	74.86	-56.21	31.41	2.13	4.11E-008	3.04E-008	4.83E-008	3.05E-008	4.02E-008	7.09E-008	96	8	2	77	Croon et al 2008
Pacific-W Antarcticab	18n.2no	40.13	74.87	-54.46	32.62	2.77	1.48E-007	1.04E-007	1.61E-007	9.82E-008	1.34E-007	2.24E-007	95	10	2	72	Croon et al 2008
Pacific-W Antarcticab	19nm	41.39	74.86	-53.25	33.53	1.01	4.91E-008	2.75E-008	5.98E-008	2.72E-008	4.00E-008	9.71E-008	81	11	2	56	Croon et al 2008
Pacific-W Antarcticab	20ny	42.54	74.86	-52.23	34.22	1.85	3.21E-007	1.60E-007	3.94E-007	1.48E-007	1.94E-007	6.15E-007	62	9	2	41	Croon et al 2008
Pacific-W Antarcticab	20no	43.79	74.78	-51.61	35.29	1.06	5.71E-007	2.27E-008	8.84E-007	2.58E-008	2.95E-008	1.46E-006	32	4	2	21	Croon et al 2008
Pacific-W Antarcticab	21nm	47.09	74.52	-50.19	37.64	1	1.00E-015	1.00E-015	1.00E-015	1.00E-015	1.00E-015	1.00E-015	100	NA	NA	50	Cande et al. 1996
Pacific-W Antarcticab	24n.3no	53.35	73.63	-52.5	40.03	1	1.00E-015	1.00E-015	1.00E-015	1.00E-015	1.00E-015	1.00E-015	100	NA	NA	50	Cande & Stock 2004b
Pacific-W Antarcticab	27nm	61.1	71.46	-55.07	45.2	1	1.00E-015	1.00E-015	1.00E-015	1.00E-015	1.00E-015	1.00E-015	100	NA	NA	50	Cande & Stock 2004b
Pacific-W Antarcticab	30rm	67.7	68.94	-55.52	49.6	1	1.00E-015	1.00E-015	1.00E-015	1.00E-015	1.00E-015	1.00E-015	100	NA	NA	50	Larter et al. 2002
Pacific-W Antarcticab	33ny	73.62	66.72	-55.04	53.74	1	1.00E-015	1.00E-015	1.00E-015	1.00E-015	1.00E-015	1.00E-015	100	NA	NA	50	Larter et al. 2002
Pacific-W Antarcticab	34ny	83	65.58	-52.38	63.07	1	1.01E-015	1.00E-015	1.00E-015	1.00E-015	1.00E-015	1.00E-015	100	NA	NA	50	Larter et al. 2002
Pacific-W Antarcticab	-	90	64.06	-49.94	67.99	1	1.00E-015	1.00E-015	1.00E-015	1.00E-015	1.00E-015	1.00E-015	100	NA	NA	50	Larter et al. 2002
Pacific-W Antarcticac	1no	0.78	64.3	-81.21	0.68	2.62	1.18E-009	6.47E-010	1.59E-009	4.26E-009	7.92E-009	4.43E-009	111	12	2	84	Croon et al 2008
Pacific-W Antarcticac	2nm	1.86	64.9	-81.14	1.61	1.21	9.05E-009	2.51E-010	8.38E-009	6.54E-009	9.72E-009	3.00E-009	80	8	2	61	Croon et al 2008
Pacific-W Antarcticac	2An.1ny	2.58	65.2	-81.23	2.23	2.05	2.78E-008	-6.69E-010	2.00E-009	2.37E-009	3.41E-009	8.94E-009	73	7	2	56	Croon et al 2008
Pacific-W Antarcticac	2An.3no	3.58	65.9	-81.17	3.11	1.38	1.04E-008	6.61E-010	1.23E-008	8.30E-009	1.31E-008	4.28E-008	80	8	2	61	Croon et al 2008
Pacific-W Antarcticac	3n.1nm	4.24	66.62	-80.53	3.7	2.43	1.00E-008	6.62E-010	1.01E-008	7.62E-009	1.14E-008	3.44E-008	72	6	2	57	Croon et al 2008
Pacific-W Antarcticac	3n.4nm	5.11	66.91	-80.66	4.48	2.62	1.36E-008	1.47E-009	1.96E-008	7.24E-009	1.33E-008	5.86E-008	81	8	2	62	Croon et al 2008
Pacific-W Antarcticac	3An.1ny	5.89	67.09	-81.08	5.21	2.91	3.53E-008	2.55E-008	4.27E-008	3.23E-008	4.07E-008	8.12E-008	73	7	2	56	Croon et al 2008
Pacific-W Antarcticac	3An.2no	6.57	67.33	-81.2	5.81	1.48	1.32E-008	2.40E-009	2.17E-008	8.21E-009	1.54E-008	6.55E-008	74	7	2	57	Croon et al 2008
Pacific-W Antarcticac	4n.2nm	7.86	68.16	-80.54	6.83	1.41	2.38E-008	9.54E-009	4.41E-008	1.50E-008	2.67E-008	1.18E-007	80	8	2	61	Croon et al 2008
Pacific-W Antarcticac	4Anm	8.86	68.83	-79.97	7.64	1.34	1.12E-008	3.39E-009	1.69E-008	9.68E-009	1.56E-008	5.03E-008	84	8	2	65	Croon et al 2008
Pacific-W Antarcticac	5n.1ny	9.74	69.71	-78.57	8.42	1.01	1.59E-008	5.97E-009	3.17E-008	1.22E-008	2.32E-008	8.91E-008	82	8	2	63	Croon et al 2008
Pacific-W Antarcticac	5n.2no	10.95	70.36	-77.81	9.48	1.75	2.52E-008	6.62E-009	3.49E-008	2.72E-008	3.92E-008	1.06E-007	85	7	2	68	Croon et al 2008
Pacific-W Antarcticac	5An.2nm	12.29	71.29	-76.12	10.63	1.25	9.64E-009	4.97E-009	1.45E-008	1.12E-008	1.60E-008	3.84E-008	91	8	2	72	Croon et al 2008
Pacific-W Antarcticac	5AAnm	13.07	71.75	-75.12	11.28	1.37	1.55E-008	8.50E-009	2.19E-008	1.34E-008	1.92E-008	5.25E-008	88	8	2	69	Croon et al 2008
Pacific-W Antarcticac	5ADnm	14.4	72.38	-73.58	12.42	2.13	1.43E-008	7.02E-009	1.60E-008	1.11E-008	1.55E-008	3.61E-008	90	8	2	71	Croon et al 2008
Pacific-W Antarcticac	5Bn.2nm	15.1	72.6	-73.19	13.01	2.78	4.48E-008	1.92E-008	4.50E-008	2.97E-008	4.15E-008	9.77E-008	91	9	2	70	Croon et al 2008
Pacific-W Antarcticac	5Cn.1nm	16.15	72.97	-72.5	13.95	2.27	6.11E-008	3.17E-008	7.43E-008	4.10E-008	5.52E-008	1.63E-007	88	8	2	69	Croon et al 2008
Pacific-W Antarcticac	5Cn.3nm	16.64	73.18	-72.03	14.34	1.47	1.66E-008	8.02E-009	2.28E-008	1.21E-008	1.75E-008	5.33E-008	86	8	2	67	Croon et al 2008
Pacific-W Antarcticac	5Dnm	17.45	73.39	-71.58	14.93	1.47	1.47E-008	6.78E-009	1.72E-008	1.04E-008	1.47E-008	3.97E-008	87	8	2	68	Croon et al 2008
Pacific-W Antarcticac	5Eny	18.28	73.62	-70.91	15.42	1.88	3.33E-008	1.92E-008	3.18E-008	1.90E-008	2.40E-008	4.94E-008	79	7	2	62	Croon et al 2008
Pacific-W Antarcticac	6ny	19.05	73.71	-70.94	15.95	1.41	2.02E-008	8.76E-009	2.31E-008	1.18E-008	1.65E-008	4.44E-008	84	8	2	65	Croon et al 2008
Pacific-W Antarcticac	6no	20.13	74	-70.16	16.73	1.93	2.00E-008	8.48E-009	2.37E-008	1.13E-008	1.54E-008	4.65E-008	77	7	2	60	Croon et al 2008
Pacific-W Antarcticac	6An.2nm	21.16	74.13	-70.09	17.38	2.66	1.68E-008	7.96E-009	2.09E-008	1.14E-008	1.58E-008	4.36E-008	75	7	2	58	Croon et al 2008
Pacific-W Antarcticac	6nB.2no	23.07	74.39	-69.73	18.68	2.83	3.51E-008	1.83E-008	4.07E-008	1.95E-008	1.71E-008	9.31E-008	81	7	2	64	Croon et al 2008
Pacific-W Antarcticac	6Cn.3nm	24.06	74.48	-69.58	19.35	2.08	2.33E-008	1.21E-008	2.56E-008	1.36E-008	1.77E-008	4.59E-008	80	6	2	65	Croon et al 2008
Pacific-W Antarcticac	7n.2ny	24.84	74.51	-69.66	19.92	2.45	3.89E-008	1.35E-008	6.05E-008	1.82E-008	4.16E-009	1.86E-008	87	7	2	70	Croon et al 2008
Pacific-W Antarcticac	8n.1ny	25.82	74.5	-69.84	20.63	2.03	4.18E-008	2.23E-008	4.20E-008	2.04E-008	2.35E-008	6.79E-008	80	7	2	63	Croon et al 2008
Pacific-W Antarcticac	8n.2no	26.55	74.51	-69.81	21.18	1.12	2.73E-008	1.51E-008	3.01E-008	1.63E-008	2.13E-008	5.22E-008	87	7	2	70	Croon et al 2008
Pacific-W Antarcticac	9ny	27.03	74.46	-69.9	21.53	1.3	2.75E-008	1.54E-008	3.04E-008	1.64E-008	2.03E-008	5.38E-008	80	7	2	63	Croon et al 2008
Pacific-W Antarcticac	9no	27.97	74.4	-69.75	22.23	1.3	2.42E-008	1.44E-008	2.63E-008	1.57E-008	2.08E-008	4.34E-008	91	7	2	74	Croon et al 2008
Pacific-W Antarcticac	10n.1ny	28.28	74.41	-69.5	22.58	1.58	2.13E-008	1.32E-008	2.28E-008	1.51E-008	2.03E-008	3.88E-008	94	8	2	75	Croon et al 2008
Pacific-W Antarcticac	10n.2no	28.75	74.33	-69.54	22.95	2.92	2.33E-008	1.32E-008	2.48E-008	1.36E-008	1.77E-008	3.95E-008	97	8	2	78	Croon et al 2008
Pacific-W Antarcticac	11n.1ny	29.4	74.38	-68.71	23.66	2.2	1.81E-008	1.09E-008	2.14E-008	1.42E-008	1.91E-008	4.16E-008	96	9	2	75	Croon et al 2008
Pacific-W Antarcticac	11n.2no	30.1	74.33	-68.43	24.23	1.12	1.94E-008	9.60E-009	2.34E-008	1.25E-008	1.67E-008	4.75E-008	92	9	2	71	Croon et al 2008
Pacific-W Antarcticac	12ny	30.48	74.37	-67.75	24.71	2.67	1.97E-008	1.00E-008	2.10E-008	1.30E-008	1.74E-008	3.88E-008	82	8	2	63	Croon et al 2008
Pacific-W Antarcticac	12no	30.94	74.32	-67.59	25.06	1.15	1.92E-008	1.00E-008	1.99E-008	1.30E-008	1.74E-008	3.95E-008	79	8	2	60	Croon et al 2008
Pacific-W Antarcticac	13ny	33.06	74.44	-64.74	26.97	1.83	3.27E-008	1.67E-008	3.13E-008	1.63E-008	2.17E-008	4.92E-008	84	10	2	61	Croon et al 2008
Pacific-W Antarcticac	13no	33.55	74.48	-64.02	27.4	1.57	5.29E-008	3.16E-008	7.20E-009	2.68E-008	3.37E-008	6.19E-008	85	9	2	64	Croon et al 2008
Pacific-W Antarcticac	15ny	34.66	74.62	-61.89	28.4	1.11	4.21E-008	2.70E-008	4.19E-008	2.47E-008	3.27E-008	5.61E-008	94	9	2	73	Croon et al 2008
Pacific-W Antarcticac	15no	34.94	74.63	-61.49	28.62	2.77	1.22E-007	8.05E-008	1.21E-007	7.38E-008	9.56E-008	1.64E-007	88	7	2	71	Croon et al 2008
Pacific-W Antarcticac	16n.2ny	35.69	74.7	-60.18	29.23	1.46	4.22E-008	2.73E-008	4.36E-008	2.54E-008	3.22E-008	6.03E-008	82	6	2	67	Croon et al 2008
Pacific-W Antarcticac	16n.2no	36.34	74.75	-59.05	29.81	2.96	1.27E-007	8.52E-008	1.30E-007	8.01E-008	1.03E-007	1.80E-007	83	6	2	68	Croon et al 2008
Pacific-W Antarcticac	17n.1ny	36.62	74.76	-58.64	30.05	1.15	4.14E-008	2.73E-008	4.31E-008	2.55E-008	3.36E-008	5.90E-008	90	7	2	73	Croon et al 2008
Pacific-W Antarcticac	18n.2no	37.47	74.82	-57.44	30.68	2.01	1.32E-007	8.85E-008	1.37E-007	8.25E-008	1.08E-007	1.89E-007	88	7	2	71	Croon et al 2008
Pacific-W Antarcticac	18n.1ny	38.43	74.86	-56.21	31.41	2.13	4.11E-008	3.04E-008	4.83E-008	3.05E-008	4.02E-008	7.09E-008	96	8	2	77	Croon et al 2008
Pacific-W Antarcticac	18n.2no	40.13	74.87	-54.46	32.62	2.77	1.48E-007	1.04E-007	1.61E-007	9.82E-008	1.34E-007	2.24E-007	95	10	2	72	Croon et al 2008
Pacific-W Antarcticac	19nm	41.39	74.86	-53.25	33.53	1.01	4.91E-008	2.75E-008	5.98E-008	2.72E-008	4.00E-008	9.71E-008	81	11	2	56	Croon et al 2008
Pacific-W Antarcticac	20ny	42.54	74.86	-52.23	34.22	1.85	3.21E-007	1.60E-007	3.94E-007	1.48E-007	1.94E-007	6.15E-007	62	9	2	41	Croon et al 2008
Pacific-W Antarcticac	20no	43.79	74.78	-51.61	35.29	1.06	5.71E-007	2.27E-008	8.84E-007	2.58E-008	2.95E-008	1.46E-006	32	4	2	21	Croon et al 2008
Pacific-W Antarcticac	21nm	47.09	74.52	-50.19	37.64	1	1.00E-015	1.00E-015	1.00E-015	1.00E-015	1.00E-015	1.00E-015	100	NA	NA	50	Cande et al. 1996
Pacific-W Antarcticac	24n.3no	53.35	73.63	-52.5	40.03	1	1.00E-015	1.00E-015	1.00E-015	1.00E-015	1.00E-015	1.00E-015	100	NA	NA	50	Cande & Stock 2004b
Pacific-W Antarcticac	27nm	61.1	71.46	-55.07	45.2	1	1.00E-015	1.00E-015	1.00E-015	1.00E-015	1.00E-015	1.00E-015	100	NA	NA	50	Cande & Stock 2004b
Pacific-W Antarcticac	30rm	67.7	68.94	-55.52	49.6	1	1.00E-015	1.00E-015	1.00E-015	1.00E-015	1.00E-015	1.00E-015	100	NA	NA	50	Larter et al. 2002
Pacific-W Antarcticac	33ny	73.62	66.72	-55.04	53.74	1	1.00E-015	1.00E-015	1.00E-015	1.00E-015	1.00E-015	1.00E-015	100	NA	NA	50	Larter et al. 2002
Pacific-W Antarcticac	34ny	83	65.58	-52.38	63.07	1	1.01E-015	1.00E-015	1.00E-015	1.00E-015	1.00E-015	1.00E-015	100	NA	NA	50	Larter et al. 2002
Pacific-W Antarcticac	-	90	64.06	-49.94	67.99	1	1.00E-015	1.00E-015	1.00E-015	1.00E-015	1.00E-015	1.00E-015	100	NA	NA	50	Larter et al. 2002
Pacific-W Antarctica	1no	0.78	64.3	-81.21	0.68	2.62	1.18E-009	6.47E-010	1.59E-009	4.26E-009	7.92E-009	4.43E-009	111	12	2	84	Croon et al 2008
Pacific-W Antarctica	2nm	1.86	64.9	-81.14	1.61	1.21	9.05E-009	2.51E-010	8.38E-009	6.54E-009	9.72E-009	3.00E-009	80	8	2	61	Croon et al 2008
Pacific-W Antarctica	2An.1ny	2.58	65.2	-81.23	2.23	2.05	2.78E-008	-6.69E-010	2.00E-009	2.37E-009	3.41E-009	8.94E-009	73	7	2	56	Croon et al 2008
Pacific-W Antarctica	2An.3no	3.58	65.9	-81.17	3.11	1.38	1.04E-008	6.61E-010	1.23E-008	8.30E-009	1.31E-008	4.28E-008	80	8	2	61	Croon et al 2008
Pacific-W Antarctica	3n.1nm	4.24	66.62	-80.53	3.7	2.43	1.00E-008	6.62E-010	1.01E-008	7.62E-009	1.14E-008	3.44E-008	72	6	2	57	Croon et al 2008
Pacific-W Antarctica	3n.4nm	5.11	66.91	-80.66	4.48	2.62	1.36E-008	1.47E-009	1.96E-008	7.24E-009	1.33E-008	5.86E-008	81	8	2	62	Croon et al 2008
Pacific-W Antarctica	3An.1ny	5.89	67.09	-81.08	5.21	2.91	3.53E-008	2.55E-008	4.27E-008	3.23E-008	4.07E-008	8.12E-008	73	7	2	56	Croon et al 2008
Pacific-W Antarctica	3An.2no	6.57	67.33	-81.2	5.81	1.48	1.32E-008	2.40E-009	2.17E-008	8.21E-009	1.54E-008	6.55E-008	74	7	2	57	Croon et al 2008
Pacific-W Antarctica	4n.2nm	7.86	68.16	-80.54	6.83	1.41	2.38E-008	9.54E-009	4.41E-008	1.50E-008	2.67E-008	1.18E-007	80	8	2	61	Croon et al 2008
Pacific-W Antarctica	4Anm	8.86	68.83	-79.97	7.64	1.34	1.12E-008	3.39E-009	1.69E-008	9.68E-009	1.56E-008	5.03E-008	84	8	2	65	Croon et al 2008
Pacific-W Antarctica	5n.1ny	9.74	69.71	-78.57	8.42	1.01	1.59E-008	5.97E-009	3.17E-008	1.22E-008	2.32E-008	8.91E-008	82	8	2	63	Croon et al 2008
Pacific-W Antarctica	5n.2no	10.95	70.36	-77.81	9.48	1.75	2.52E-008	6.62E-009	3.49E-008	2.72E-008	3.92E-008	1.06E-007	85	7	2	68	Croon et al 2008
Pacific-W Antarctica	5An.2nm	12.29	71.29	-76.12	10.63	1.25	9.64E-009	4.97E-009	1.45E-008	1.12E-008	1.60E-008	3.84E-008	91	8	2	72	Croon et al 2008
Pacific-W Antarctica	5AAnm	13.07	71.75	-75.12	11.28	1.37	1.55E-008	8.50E-009	2.19E-008	1.34E-008	1.92E-008	5.25E-008	88	8	2	69	Croon et al 2008
Pacific-W Antarctica	5ADnm	14.40	72.38	-73.58	12.42	2.13	1.43E-008	7.02E-009	1.60E-008	1.11E-008	1.55E-008	3.61E-008	90	8	2	71	Croon et al 2008
Pacific-W Antarctica	5Bn.2nm	15.10	72.6	-73.19	13.01	2.78	4.48E-008	1.92E-008	4.50E-008	2.97E-008	4.15E-008	9.77E-008	91	9	2	70	Croon et al 2008
Pacific-W Antarctica	5Cn.1nm	16.15	72.97	-72.5	13.95	2.27	6.11E-008	3.17E-008	7.43E-008	4.10E-008	5.52E-008	1.63E-007	88	8	2	69	Croon et al 2008
Pacific-W Antarctica	5Cn.3nm	16.64	73.18	-72.03	14.34	1.47	1.66E-008	8.02E-009	2.28E-008	1.21E-008	1.75E-008	5.33E-008	86	8	2	67	Croon et al 2008
Pacific-W Antarctica	5Dnm	17.45	73.39	-71.58	14.93	1.47	1.47E-008	6.78E-009	1.72E-008	1.04E-008	1.47E-008	3.97E-008	87	8	2	68	Croon et al 2008
Pacific-W Antarctica	5Eny	18.28	73.62	-70.91	15.42	1.88	3.33E-008	1.92E-008	3.18E-008	1.90E-008	2.40E-008	4.94E-008	79	7	2	62	Croon et al 2008
Pacific-W Antarctica	6ny	19.05	73.71	-70.94	15.95	1.41	2.02E-008	8.76E-009	2.31E-008	1.18E-008	1.65E-008	4.44E-008	84	8	2	65	Croon et al 2008
Pacific-W Antarctica	6no	20.13	74	-70.16	16.73	1.93	2.00E-008	8.48E-009	2.37E-008	1.13E-008	1.54E-008	4.65E-008	77	7	2	60	Croon et al 2008
Pacific-W Antarctica	6An.2nm	21.16	74.13	-70.09	17.38	2.66	1.68E-008	7.96E-009	2.09E-008	1.14E-008	1.58E-008	4.36E-008	75	7	2	58	Croon et al 2008
Pacific-W Antarctica	6nB.2no	23.07	74.39	-69.73	18.68	2.83	3.51E-008	1.83E-008	4.07E-008	1.95E-008	1.71E-008	9.31E-008	81	7	2	64	Croon et al 2008
Pacific-W Antarctica	6Cn.3nm	24.06	74.48	-69.58	19.35	2.08	2.33E-008	1.21E-008	2.56E-008	1.36E-008	1.77E-008	4.59E-008	80	6	2	65	Croon et al 2008
Pacific-W Antarctica	7n.2ny	24.84	74.51	-69.66	19.92	2.45	3.89E-008	1.35E-008	6.05E-008	1.82E-008	4.16E-009	1.86E-008	87	7	2	70	Croon et al 2008
Pacific-W Antarctica	8n.1ny	25.82	74.5	-69.84	20.63	2.03	4.18E-008	2.23E-008	4.20E-008	2.04E-008	2.35E-008	6.79E-008	80	7	2	63	Croon et al 2008
Pacific-W Antarctica	8n.2no	26.55	74.51	-69.81	21.18	1.12	2.73E-008	1.51E-008	3.01E-008	1.63E-008	2.13E-008	5.22E-008	87	7	2	70	Croon et al 2008
Pacific-W Antarctica	9ny	27.03	74.46	-69.9	21.53	1.3	2.75E-008	1.54E-008	3.04E-008	1.64E-008	2.03E-008	5.38E-008	80	7	2	63	Croon et al 2008
Pacific-W Antarctica	9no	27.97	74.4	-69.75	22.23	1.3	2.42E-008	1.44E-008	2.63E-008	1.57E-008	2.08E-008	4.34E-008	91	7	2	74	Croon et al 2008
Pacific-W Antarctica	10n.1ny	28.28	74.41	-69.5	22.58	1.58	2.13E-008	1.32E-008	2.28E-008	1.51E-008	2.03E-008	3.88E-008	94	8	2	75	Croon et al 2008
Pacific-W Antarctica	10n.2no	28.75	74.33	-69.54	22.95	2.92	2.33E-008	1.32E-008	2.48E-008	1.36E-008	1.77E-008	3.95E-008	97	8	2	78	Croon et al 2008
Pacific-W Antarctica	11n.1ny	29.40	74.38	-68.71	23.66	2.2	1.81E-008	1.09E-008	2.14E-008	1.42E-008	1.91E-008	4.16E-008	96	9	2	75	Croon et al 2008
Pacific-W Antarctica	11n.2no	30.10	74.33	-68.43	24.23	1.12	1.94E-008	9.60E-009	2.34E-008	1.25E-008	1.67E-008	4.75E-008	92	9	2	71	Croon et al 2008
Pacific-W Antarctica	12ny	30.48	74.37	-67.75	24.71	2.67	1.97E-008	1.00E-008	2.10E-008	1.30E-008	1.74E-008	3.88E-008	82	8	2	63	Croon et al 2008
Pacific-W Antarctica	12no	30.94	74.32	-67.59	25.06	1.15	1.92E-008	1.00E-008	1.99E-008	1.30E-008	1.74E-008	3.95E-008	79	8	2	60	Croon et al 2008
Pacific-W Antarctica	13ny	33.06	74.44	-64.74	26.97	1.83	3.27E-008	1.67E-008	3.13E-008	1.63E-008	2.17E-008	4.92E-008	84	10	2	61	Croon et al 2008
Pacific-W Antarctica	13no	33.55	74.48	-64.02	27.4	1.57	5.29E-008	3.16E-008	7.20E-009	2.68E-008	3.37E-008	6.19E-008	85	9	2	64	Croon et al 2008
Pacific-W Antarctica	15ny	34.66	74.62	-61.89	28.4	1.11	4.21E-008	2.70E-008	4.19E-008	2.47E-008	3.27E-008	5.61E-008	94	9	2	73	Croon et al 2008
Pacific-W Antarctica	15no	34.94	74.63	-61.49	28.62	2.77	1.22E-007	8.05E-008	1.21E-007	7.38E-008	9.56E-008	1.64E-007	88	7	2	71	Croon et al 2008
Pacific-W Antarctica	16n.2ny	35.69	74.7	-60.18	29.23	1.46	4.22E-008	2.73E-008	4.36E-008	2.54E-008	3.22E-008	6.03E-008	82	6	2	67	Croon et al 2008
Pacific-W Antarctica	16n.2no	36.34	74.75	-59.05	29.81	2.96	1.27E-007	8.52E-008	1.30E-007	8.01E-008	1.03E-007	1.80E-007	83	6	2	68	Croon et al 2008
Pacific-W Antarctica	17n.1ny	36.62	74.76	-58.64	30.05	1.15	4.14E-008	2.73E-008	4.31E-008	2.55E-008	3.36E-008	5.90E-008	90	7	2	73	Croon et al 2008
Pacific-W Antarctica	18n.2no	37.47	74.82	-57.44	30.68	2.01	1.32E-007	8.85E-008	1.37E-007	8.25E-008	1.08E-007	1.89E-007	88	7	2	71	Croon et al 2008
Pacific-W Antarctica	18n.1ny	38.43	74.86	-56.21	31.41	2.13	4.11E-008	3.04E-008	4.83E-008	3.05E-008	4.02E-008	7.09E-008	96	8	2	77	Croon et al 2008
Pacific-W Antarctica	18n.2no	40.13	74.87	-54.46	32.62	2.77	1.48E-007	1.04E-007	1.61E-007	9.82E-008	1.34E-007	2.24E-007	95	10	2	72	Croon et al 2008
Pacific-W Antarctica	19nm	41.39	74.86	-53.25	33.53	1.01	4.91E-008	2.75E-008	5.98E-008	2.72E-008	4.00E-008	9.71E-008	81	11	2	56	Croon et al 2008
Pacific-W Antarctica	20ny	42.54	74.86	-52.23	34.22	1.85	3.21E-007	1.60E-007	3.94E-007	1.48E-007	1.94E-007	6.15E-007	62	9	2	41	Croon et al 2008
Pacific-W Antarctica	20no	43.79	74.78	-51.61	35.29	1.06	5.71E-007	2.27E-008	8.84E-007	2.58E-008	2.95E-008	1.46E-006	32	4	2	21	Croon et al 2008
Pacific-W Antarctica	21nm	47.09	74.52	-50.19	37.64	1	1.00E-015	1.00E-015	1.00E-015	1.00E-015	1.00E-015	1.00E-015	100	NA	NA	50	Cande et al. 1996
Pacific-W Antarctica	24n.3no	53.35	73.63	-52.5	40.03	1	1.00E-015	1.00E-015	1.00E-015	1.00E-015	1.00E-015	1.00E-015	100	NA	NA	50	Cande & Stock 2004b
Pacific-W Antarctica	27nm	61.10	71.46	-55.07	45.2	1	1.00E-015	1.00E-015	1.00E-015	1.00E-015	1.00E-015	1.00E-015	100	NA	NA	50	Cande & Stock 2004b
Pacific-W Antarctica	30rm	67.70	68.94	-55.52	49.6	1	1.00E-015	1.00E-015	1.00E-015	1.00E-015	1.00E-015	1.00E-015	100	NA	NA	50	Larter et al. 2002
Pacific-W Antarctica	33ny	73.62	66.72	-55.04	53.74	1	1.00E-015	1.00E-015	1.00E-015	1.00E-015	1.00E-015	1.00E-015	100	NA	NA	50	Larter et al. 2002
Pacific-W Antarctica	34ny	83.00	65.58	-52.38	63.07	1	1.01E-015	1.00E-015	1.00E-015	1.00E-015	1.00E-015	1.00E-015	100	NA	NA	50	Larter et al. 2002
Pacific-W Antarctica	-	90.00	64.06	-49.94	67.99	1	1.00E-015	1.00E-015	1.00E-015	1.00E-015	1.00E-015	1.00E-015	100	NA	NA	50	Larter et al. 2002
W Antarcticaa-E Antarctica	C0	0.01	-18.150	-17.850	0.000	1	1.000E-15	1.000E-15	1.000E-15	1.000E-15	1.000E-15	1.000E-15	100	NA	NA	50		
W Antarcticaa-E Antarctica	8n.2no	26.55	-18.150	-17.850	0.000	1	1.000E-15	1.000E-15	1.000E-15	1.000E-15	1.000E-15	1.000E-15	100	NA	NA	50		
W Antarcticaa-E Antarctica	13no	33.55	-18.150	-17.850	0.700	1	2.230E-05	7.590E-07	5.790E-05	6.640E-08	1.960E-06	1.510E-04	154	21	3	106	Cande et al. 2000	
W Antarcticaa-E Antarctica	20no	43.79	-18.150	-17.850	1.700	1	2.230E-05	7.590E-07	5.790E-05	6.640E-08	1.960E-06	1.510E-04	154	21	3	106	Cande et al. 2000	
W Antarcticaa-E Antarctica	34ny	83.00	-18.150	-17.850	1.700	1	2.230E-05	7.590E-07	5.790E-05	6.640E-08	1.960E-06	1.510E-04	154	21	3	106	Cande et al. 2000
W Antarcticab-E Antarctica	C0	0.01	-18.150	-17.850	0.000	1	1.000E-15	1.000E-15	1.000E-15	1.000E-15	1.000E-15	1.000E-15	100	NA	NA	50		
W Antarcticab-E Antarctica	8n.2no	26.55	-18.150	-17.850	0.000	1	1.000E-15	1.000E-15	1.000E-15	1.000E-15	1.000E-15	1.000E-15	100	NA	NA	50		
W Antarcticab-E Antarctica	13no	33.55	-18.150	-17.850	0.700	1	2.230E-05	7.590E-07	5.790E-05	6.640E-08	1.960E-06	1.510E-04	154	21	3	106	Cande et al. 2000	
W Antarcticab-E Antarctica	20no	43.79	-18.150	-17.850	1.700	1	2.230E-05	7.590E-07	5.790E-05	6.640E-08	1.960E-06	1.510E-04	154	21	3	106	Cande et al. 2000	
W Antarcticab-E Antarctica	25ny	55.90	-70.000	-30.000	4.000	1	1.000E-15	1.000E-15	1.000E-15	1.000E-15	1.000E-15	1.000E-15	100	NA	NA	50	Sutherland 2008	
W Antarcticab-E Antarctica	33ny	73.62	-80.000	-70.000	8.500	1	1.000E-15	1.000E-15	1.000E-15	1.000E-15	1.000E-15	1.000E-15	100	NA	NA	50	Sutherland 2008	
W Antarcticab-E Antarctica	34ny	83.00	-80.000	-70.000	8.500	1	1.000E-15	1.000E-15	1.000E-15	1.000E-15	1.000E-15	1.000E-15	100	NA	NA	50	Sutherland 2008	
W Antarcticac-E Antarctica	C0	0.01	-84.78	190.99	0.000	1	1.991E-06	-5.062E-07	5.886E-06	2.569E-07	-1.623E-06	1.757E-05	238	19	3	194
W Antarcticac-E Antarctica	8.2o	26.6	-84.780	190.990	0.000	1.00	1.991E-06	-5.062E-07	5.886E-06	2.569E-07	-1.623E-06	1.757E-05	238	19	3	194	Granot et al 2013
W Antarcticac-E Antarctica	12o	30.94	-84.780	190.990	1.330	0.81	1.991E-06	-5.062E-07	5.886E-06	2.569E-07	-1.623E-06	1.757E-05	238	19	3	194	Granot et al 2013
W Antarcticac-E Antarctica	13o	33.55	-81.090	200.370	3.170	0.69	1.181E-05	5.040E-07	3.030E-05	3.935E-07	8.748E-07	7.821E-05	201	17	3	161	Granot et al 2013
W Antarcticac-E Antarctica	16y	35.69	-70.720	338.780	1.380	0.47	3.203E-06	-6.230E-07	9.698E-06	2.565E-07	-1.962E-06	2.917E-05	146	14	3	112	Granot et al 2013
W Antarcticac-E Antarctica	18o	40.13	-85.870	220.490	4.480	1.02	1.098E-05	-2.239E-06	3.256E-05	6.803E-07	-6.756E-06	9.678E-05	130	10	3	104	Granot et al 2013
W Antarcticac-E Antarctica	34ny	83.00	-85.870	220.490	4.480	1.02	1.098E-05	-2.239E-06	3.256E-05	6.803E-07	-6.756E-06	9.678E-05	130	10	3	104	Granot et al 2013
E Antarctica-Somalia	1no	0.78	11.2	-56.7	0.11	1	1.47E-008	2.66E-008	-1.62E-008	5.89E-008	-3.54E-008	2.60E-008	31	6	2	16	Demets et al 2010
E Antarctica-Somalia	2A.2no	3.22	7.9	-44.1	0.43	1	7.90E-010	8.80E-010	-8.20E-010	1.49E-009	-1.22E-009	1.15E-009	64	1	4	53	Horner-Johnson et al. 2005
E Antarctica-Somalia	5n.2no	10.95	14.6	-49.1	1.53	1	2.21E-008	2.36E-008	-9.20E-009	3.04E-008	-1.67E-008	2.45E-008	152	24	2	101	LeMaux et al. 2002
E Antarctica-Somalia	6no	20.13	10.8	-46	2.7	1	1.03E-007	8.83E-008	-2.34E-008	1.76E-007	-1.35E-007	2.24E-007	48	6	2	33	Patriat et al. 2008
E Antarctica-Somalia	8n.2no	26.55	14.3	-46.9	3.91	1	1.48E-007	1.49E-007	-9.66E-008	2.58E-007	-2.46E-007	3.70E-007	38	7	2	21	Patriat et al. 2008
E Antarctica-Somalia	13ny	33.06	16.2	-44.7	5.66	1	8.56E-007	6.73E-007	-1.66E-007	6.90E-007	-3.74E-007	5.82E-007	34	6	2	19	Patriat et al. 2008
E Antarctica-Somalia	13no	33.55	12.69	-44.61	5.67	0.59	5.71E-007	5.12E-007	-2.35E-007	5.63E-007	-2.53E-007	3.99E-007	171	22	3	121	Cande et al. 2010 ('basic')
E Antarctica-Somalia	18n.2no	40.13	13.8	-43.75	7.05	0.63	6.60E-007	5.69E-007	-1.00E-009	5.56E-007	-7.90E-008	6.80E-007	125	19	3	81	Cande et al. 2010 ('basic')
E Antarctica-Somalia	20ny	42.54	11.84	-42.32	7.53	0.93	2.36E-007	1.91E-007	-2.28E-007	2.31E-007	-2.63E-007	5.98E-007	133	18	3	91	Cande et al. 2010 ('all')
E Antarctica-Somalia	20no	43.79	11.84	-42.16	7.87	0.78	1.64E-007	1.23E-007	-1.95E-007	1.79E-007	-2.42E-007	4.97E-007	162	18	3	120	Cande et al. 2010 ('all')
E Antarctica-Somalia	21ny	46.26	11.29	-41.54	8.49	0.55	1.89E-007	1.60E-007	-2.76E-007	2.24E-007	-3.25E-007	6.86E-007	154	18	3	112	Cande et al. 2010 ('all')
E Antarctica-Somalia	21no	47.91	9.82	-40.7	8.83	1.86	2.26E-007	1.98E-007	-3.69E-007	2.67E-007	-4.00E-007	8.38E-007	160	18	3	118	Cande et al. 2010 ('all')
E Antarctica-Somalia	22no	49.71	9.19	-40.63	9.21	1.4	2.73E-007	2.54E-007	-4.70E-007	3.70E-007	-5.40E-007	1.08E-006	145	16	3	107	Cande et al. 2010 ('all')
E Antarctica-Somalia	23n.2no	51.74	9.31	-41.53	9.61	0.74	2.78E-007	2.77E-007	-4.41E-007	4.22E-007	-5.38E-007	9.45E-007	136	16	3	98	Cande et al. 2010 ('with SWIR')
E Antarctica-Somalia	24n.3no	53.35	10.16	-43.3	9.96	0.72	4.74E-007	4.34E-007	-7.41E-007	5.65E-007	-7.62E-007	1.40E-006	116	15	3	80	Cande et al. 2010 ('with SWIR')
E Antarctica-Somalia	25ny	55.90	9.86	-45.24	10.49	0.52	1.15E-006	1.38E-006	-2.02E-006	1.93E-006	-2.60E-006	3.95E-006	92	14	3	58	Cande et al. 2010 ('with SWIR')
E Antarctica-Somalia	26ny	57.55	10.64	-47.47	10.78	1.35	1.27E-006	1.41E-006	-1.89E-006	1.75E-006	-2.25E-006	3.33E-006	93	13	3	61	Cande et al. 2010 ('with SWIR')
E Antarctica-Somalia	27ny	60.92	7.1	-45.8	11.08	1.15	1.62E-006	1.75E-006	-2.46E-006	2.19E-006	-2.84E-006	4.29E-006	96	14	3	62	Cande et al. 2010 ('with SWIR')
E Antarctica-Somalia	28ny	62.50	4.75	-44.79	11.39	0.66	1.36E-006	1.55E-006	-2.35E-006	2.05E-006	-2.84E-006	4.49E-006	91	14	3	57	Cande et al. 2010 ('with SWIR')
E Antarctica-Somalia	29no	64.75	4.79	-45.56	11.7	0.53	9.16E-007	9.94E-007	-1.65E-006	1.27E-006	-1.91E-006	3.29E-006	101	16	3	63	Cande et al. 2010 ('with SWIR')
E Antarctica-Somalia	34y	83.00	-1.8	-38.7	17.9	1	1.00E-015	1.00E-015	1.00E-015	1.00E-015	1.00E-015	1.00E-015	100	NA	NA	50	From Dave
Somalia-Nubia	1no	0.78	-35.3	33.8	0.06	1	4.60E-009	1.25E-009	-2.73E-009	6.32E-009	1.01E-009	5.15E-009	94	15	2	61	Demets et al 2010
Somalia-Nubia	2A.2no	3.22	-44.7	2.8	0.27	1	4.29E-009	1.26E-009	-5.01E-009	1.62E-009	-1.44E-009	7.19E-009	217	1	4	206	Horner-Johnson et al. 2005
Somalia-Nubia	5n.2no	10.95	-27.4	43.28	0.4	1	1.00E-015	1.00E-015	1.00E-015	1.00E-015	1.00E-015	1.00E-015	100	NA	NA	50	From Dave
Somalia-Nubia	6no	20.13	-27.4	43.28	0.8	1	1.00E-015	1.00E-015	1.00E-015	1.00E-015	1.00E-015	1.00E-015	100	NA	NA	50	From Dave
Somalia-Nubia	C7.2m	25.01	-27.4	43.28	1	1	1.00E-015	1.00E-015	1.00E-015	1.00E-015	1.00E-015	1.00E-015	100	NA	NA	50	From Dave
Somalia-Nubia	C34	85	-27.4	43.28	1	1	1.00E-015	1.00E-015	1.00E-015	1.00E-015	1.00E-015	1.00E-015	100	NA	NA	50	From Dave
Nubia-Mantlea	Interpolated	0	57.73	-51.26	0	1	1.00E-015	1.00E-015	1.00E-015	1.00E-015	1.00E-015	1.00E-015	36	10	2	13	O'Neill et al 2005, fixed hotspots
Nubia-Mantlea	Interpolated	10	57.73	-51.26	-1.36	3.3	9.49E-005	-6.07E-006	1.08E-005	2.89E-005	-2.43E-005	6.98E-005	36	10	2	13	O'Neill et al 2005, fixed hotspots
Nubia-Mantlea	Interpolated	30	49.42	-61.9	-5.8	3.17	8.15E-005	2.58E-005	-6.80E-006	8.77E-005	-5.86E-005	8.69E-005	36	10	2	13	O'Neill et al 2005, fixed hotspots
Nubia-Mantlea	Interpolated	40	44.56	-55.74	-7.42	0.73	7.16E-004	-5.47E-005	-2.88E-004	1.50E-004	-4.90E-005	2.71E-004	36	10	2	13	O'Neill et al 2005, fixed hotspots
Nubia-Mantlea	Interpolated	50	8.84	-34.84	-12.43	0.83	6.78E-004	3.61E-005	-3.59E-004	1.57E-004	-1.06E-004	3.45E-004	36	10	2	13	O'Neill et al 2005, fixed hotspots
Nubia-Mantlea	Interpolated	60	14.24	-40.32	-13.73	2.08	1.47E-003	3.64E-004	-5.43E-004	7.01E-004	-2.72E-004	5.51E-004	36	10	2	13	O'Neill et al 2005, fixed hotspots
Nubia-Mantlea	Interpolated	70	26.52	-47.46	-14.6	0.65	8.45E-004	1.29E-004	-3.33E-004	2.79E-004	-1.23E-004	4.43E-004	36	10	2	13	O'Neill et al 2005, fixed hotspots
Nubia-Mantlea	Interpolated	80	26.85	-46.92	-17.71	0.47	7.83E-004	1.44E-004	-3.50E-004	2.77E-004	-1.35E-004	3.47E-004	36	10	2	13	O'Neill et al 2005, fixed hotspots
Nubia-Mantlea	Interpolated	90	7.24	-33.73	-22.75	0.69	6.15E-004	5.43E-005	-1.45E-004	1.75E-004	-2.25E-004	6.15E-004	36	10	2	13	O'Neill et al 2005, fixed hotspots
Nubia-Mantlea	Interpolated	100	10.83	-46.48	-26.59	1.31	3.36E-004	4.23E-005	4.28E-005	4.02E-004	4.39E-005	3.01E-004	36	10	2	13	O'Neill et al 2005, fixed hotspots
Nubia-Mantlea	Interpolated	110	5.06	-34.89	-31.79	0.48	5.66E-004	2.07E-004	-1.65E-005	1.98E-004	6.52E-005	4.34E-004	36	10	2	13	O'Neill et al 2005, fixed hotspots
Nubia-Mantlea	Interpolated	120	22.49	-37.22	-30.63	66.18	1.11E-003	1.69E-004	1.46E-003	9.99E-004	1.31E-003	4.19E-003	36	10	2	13	O'Neill et al 2005, fixed hotspots
Nubia-Mantleb	 Interpolated	 0	 46.19	 -87.860	 0.000	 1	 0	 0	 0	 0	 0	 0	 36	 10	 2	 13	 O'Neill et al 2005, moving hotspots
Nubia-Mantleb	 Interpolated	 10	 46.19	 -87.860	 -1.920	 0.92	 9.94E-005	 -3.80E-006	 -1.18E-006	 2.84E-005	 -2.30E-005	 8.68E-005	 36	 10	 2	 13	 O'Neill et al 2005, moving hotspots
Nubia-Mantleb	 Interpolated	 30	 43.54	 -69.670	 -6.050	 3.31	 9.89E-005	 2.14E-005	 -3.56E-005	 8.19E-005	 -6.45E-005	 1.18E-004	 36	 10	 2	 13	 O'Neill et al 2005, moving hotspots
Nubia-Mantleb	 Interpolated	 40	 44.56	 -54.310	 -8.080	 0.6	 6.39E-004	 -9.58E-005	 -3.09E-004	 1.54E-004	 -2.27E-005	 3.49E-004	 36	 10	 2	 13	 O'Neill et al 2005, moving hotspots
Nubia-Mantleb	 Interpolated	 50	 36.97	 -58.900	 -10.260	 1.24	 7.60E-004	 -1.29E-004	 -4.44E-004	 1.65E-004	 -1.35E-005	 4.53E-004	 36	 10	 2	 13	 O'Neill et al 2005, moving hotspots
Nubia-Mantleb	 Interpolated	 60	 23.73	 -42.140	 -12.530	 2.31	 1.61E-003	 8.69E-005	 -6.22E-004	 6.07E-004	 -2.63E-004	 7.51E-004	 36	 10	 2	 13	 O'Neill et al 2005, moving hotspots
Nubia-Mantleb	 Interpolated	 90	 14.6	 -33.260	 -16.240	 2.47	 5.47E-004	 -9.38E-005	 5.78E-006	 1.18E-004	 -7.96E-005	 5.36E-004	 36	 10	 2	 13	 O'Neill et al 2005, moving hotspots
Nubia-Mantleb	 Interpolated	 100	 14.4	 -29.630	 -20.080	 3.25	 2.41E-004	 -1.79E-005	 1.48E-005	 3.16E-004	 -1.69E-005	 1.92E-004	 36	 10	 2	 13	 O'Neill et al 2005, moving hotspots
Nubia-Mantleb	 Interpolated	 120	 17.03	 -27.000	 -29.720	 9.06	 7.81E-004	 3.73E-004	 4.38E-004	 6.44E-004	 4.17E-004	 5.87E-004	 36	 10	 2	 13	 O'Neill et al 2005, moving hotspots
Australia-E Antarctica	1no	0.78	11.3	41.8	-0.49	1	2.03E-008	1.44E-008	7.59E-009	1.70E-008	1.39E-009	8.04E-009	186	14	2	155	Demets et al 2010
Australia-E Antarctica	2An.1ny	2.58	-11.16	-139.7	1.66	5.33	2.81E-007	-3.35E-007	2.60E-007	5.15E-007	-4.87E-007	9.06E-007	98	14	2	67	Cande & Stock 2004
Australia-E Antarctica	3An.1ny	5.89	-11.59	-139.23	3.83	2.12	2.94E-007	-3.90E-007	3.19E-007	6.27E-007	-5.83E-007	8.97E-007	112	17	2	75	Cande & Stock 2004
Australia-E Antarctica	5n.2no	10.95	-11.9	-142.06	6.79	1.02	1.36E-007	-1.71E-007	5.56E-008	3.05E-007	-1.89E-007	4.47E-007	122	14	2	91	Cande & Stock 2004
Australia-E Antarctica	6no	20.13	-13.39	-145.63	12.05	1.06	1.61E-007	-1.85E-007	2.56E-008	3.00E-007	-1.59E-007	4.22E-007	132	15	2	99	Cande & Stock 2004
Australia-E Antarctica	8n.2no	26.55	-13.81	-146.44	15.92	1.01	1.95E-007	-2.24E-007	5.79E-008	3.71E-007	-2.39E-007	5.90E-007	115	16	2	80	Cande & Stock 2004
Australia-E Antarctica	10n.2no	28.75	-13.58	-146.02	17.32	1.17	2.32E-007	-2.56E-007	8.48E-008	3.94E-007	-2.77E-007	7.51E-007	98	15	2	65	Cande & Stock 2004
Australia-E Antarctica	12no	30.94	-13.4	-145.62	18.89	0.75	2.60E-007	-3.14E-007	5.53E-008	5.18E-007	-3.10E-007	9.82E-007	89	13	2	60	Cande & Stock 2004
Australia-E Antarctica	13no	33.55	-13.45	-145.62	20.5	1.07	2.44E-007	-3.26E-007	1.49E-007	5.56E-007	-3.43E-007	6.93E-007	96	15	2	63	Cande & Stock 2004
Australia-E Antarctica	17n.3no	38.11	-13.65	-146.53	22.88	0.49	6.88E-007	-8.39E-007	-2.51E-007	1.34E-006	-1.37E-007	1.31E-006	49	8	2	30	Cande & Stock 2004
Australia-E Antarctica	20no	43.79	14.92	32.5	-24.51	0.74	1.68E-006	-1.89E-006	2.49E-006	4.10E-006	-3.43E-006	3.29E-006	99	7	2	82	Whittaker et al. 2007
Australia-E Antarctica	21ny	46.26	13.6	33.6	-24.64	3.06	9.31E-006	-1.21E-005	1.19E-005	1.59E-005	-1.55E-005	1.59E-005	69	6	2	54	Whittaker et al. 2007
Australia-E Antarctica	24n.3no	53.35	9.01	36	-25.06	0.99	3.84E-006	-5.09E-006	4.36E-006	6.96E-006	-6.09E-006	6.39E-006	89	7	2	72	Whittaker et al. 2007
Australia-E Antarctica	27ny	60.92	5.51	38.57	-25.3	0.73	1.03E-005	-1.35E-005	1.41E-005	1.78E-005	-1.88E-005	2.20E-005	81	6	2	66	Whittaker et al. 2007
Australia-E Antarctica	31no	68.74	3.97	39.11	-25.51	1.19	1.38E-005	-1.81E-005	1.87E-005	2.38E-005	-2.46E-005	2.80E-005	83	6	2	68	Whittaker et al. 2007
Australia-E Antarctica	32n.1ny	71.07	1.04	40.65	-25.85	0.83	1.08E-005	-1.50E-005	1.50E-005	2.12E-005	-2.12E-005	2.56E-005	125	8	2	106	Whittaker et al. 2007
Australia-E Antarctica	33no	79.08	-3.54	42.94	-26.58	0.58	6.93E-006	-9.98E-006	9.59E-006	1.47E-005	-1.39E-005	1.54E-005	141	7	2	124	Whittaker et al. 2007
Australia-E Antarctica	34ny	83.00	-7.69	44.79	-27.49	0.79	9.10E-006	-1.30E-005	1.09E-005	1.88E-005	-1.57E-005	1.47E-005	115	8	2	96	Whittaker et al. 2007
Eurasia-N America	1o	0.78	66.89	137.2	-0.2	1	1.41E-007	-7.40E-008	2.47E-007	4.20E-008	-1.30E-007	4.82E-007	602	54	2	493	Merkouriev and DeMets 2008
Eurasia-N America	2m	1.86	62.2	138.79	-0.39	1	8.70E-008	-4.50E-008	1.65E-007	3.50E-008	-7.80E-008	3.45E-007	632	33	2	565	Merkouriev and DeMets 2008
Eurasia-N America	2An.1	2.58	63.63	137.44	-0.56	1	4.90E-008	6.00E-009	5.10E-008	5.10E-008	-7.70E-008	2.11E-007	683	38	2	607	Merkouriev and DeMets 2008
Eurasia-N America	2An.3	3.58	61.84	139	-0.76	1	1.89E-007	2.20E-008	1.74E-007	1.08E-007	-1.07E-007	3.59E-007	562	41	2	480	Merkouriev and DeMets 2008
Eurasia-N America	3n.1	4.18	63.83	135.81	-0.89	1	3.04E-007	1.30E-008	2.50E-007	1.08E-007	-1.71E-007	5.64E-007	404	33	2	338	Merkouriev and DeMets 2008
Eurasia-N America	3n.4	5.23	61.1	137.88	-1.09	1	2.58E-007	-1.00E-008	3.24E-007	2.01E-007	-2.84E-007	8.55E-007	396	28	2	340	Merkouriev and DeMets 2008
Eurasia-N America	3An.1ny	5.89	63.29	135.33	-1.26	1	1.27E-007	-1.70E-008	1.79E-007	1.30E-007	-2.13E-007	5.78E-007	394	30	2	334	Merkouriev and DeMets 2008
Eurasia-N America	3An.2no	6.57	65.73	134.86	-1.46	1	5.17E-007	-1.15E-007	7.70E-007	3.34E-007	-6.75E-007	2.08E-006	307	28	2	251	Merkouriev and DeMets 2008
Eurasia-N America	4n.1ny	7.43	63.21	137.88	-1.59	1	2.95E-007	-5.10E-008	4.33E-007	2.71E-007	-4.92E-007	1.39E-006	374	33	2	308	Merkouriev and DeMets 2008
Eurasia-N America	4n.2no	8.07	64.43	137.29	-1.78	1	4.85E-007	-4.60E-008	5.93E-007	3.82E-007	-7.04E-007	1.93E-006	353	23	2	307	Merkouriev and DeMets 2008
Eurasia-N America	4Ano	9.03	64.86	135.65	-2.05	1	7.58E-007	-1.46E-007	1.00E-006	8.29E-007	-1.61E-006	3.94E-006	276	22	2	232	Merkouriev and DeMets 2008
Eurasia-N America	5n.1ny	9.74	66.1	137.62	-2.27	1	2.65E-006	4.27E-007	2.01E-006	1.12E-006	-1.27E-006	4.22E-006	340	26	2	288	Merkouriev and DeMets 2008
Eurasia-N America	5n.2no	10.95	67.75	133.17	-2.62	1	8.14E-007	-1.25E-007	1.00E-006	5.35E-007	-1.07E-006	2.98E-006	344	27	2	290	Merkouriev and DeMets 2008
Eurasia-N America	5An.2o	12.4	67.19	133.86	-2.99	1	9.29E-006	1.90E-007	8.35E-006	1.70E-006	-2.61E-006	1.24E-005	228	20	2	188	Merkouriev and DeMets 2008
Eurasia-N America	5ACny	13.7	67.39	132.58	-3.35	1	3.26E-005	-7.56E-006	4.37E-005	2.54E-006	-1.14E-005	6.08E-005	144	16	2	112	Merkouriev and DeMets 2008
Eurasia-N America	5ADno	14.61	69.5	127.69	-3.69	1	1.19E-004	-2.54E-005	1.51E-004	8.39E-006	-3.71E-005	2.00E-004	148	15	2	118	Merkouriev and DeMets 2008
Eurasia-N America	5Cn.1ny	16.01	67.97	133.21	-4.02	1	1.37E-005	-1.21E-006	1.47E-005	1.98E-006	-4.31E-006	2.10E-005	200	17	2	166	Merkouriev and DeMets 2008
Eurasia-N America	5Dny	17.23	68.85	129.75	-4.39	1	1.00E-005	-1.30E-006	1.27E-005	7.59E-007	-2.40E-006	1.72E-005	153	15	2	123	Merkouriev and DeMets 2008
Eurasia-N America	5Eny	18.28	70.16	129.1	-4.71	1	1.24E-005	-3.27E-006	1.78E-005	1.16E-006	-5.18E-006	2.66E-005	194	16	2	162	Merkouriev and DeMets 2008
Eurasia-N America	6ny	19.05	72.12	126.7	-5.05	1	3.41E-005	-1.85E-006	4.17E-005	4.76E-006	-7.17E-006	5.67E-005	188	17	2	154	Merkouriev and DeMets 2008
Eurasia-N America	6no	20.13	68.62	131.76	-5.03	1	6.16E-006	-7.42E-007	7.17E-006	5.08E-007	-1.56E-006	9.64E-006	230	19	2	192	Merkouriev and DeMets 2008
Eurasia-N America	C13ny	33.06	68.22	131.53	-7.65	1.56	8.39E-008	1.84E-008	7.40E-008	5.81E-008	-7.53E-008	3.24E-007	346	31	2	281	Gaina et al 2002
Eurasia-N America	C18n.1no	39.55	67.72	133.91	-9.25	2.52	1.38E-007	1.75E-007	5.51E-008	4.41E-007	-1.01E-007	3.69E-007	106	9	2	85	Gaina et al 2002
Eurasia-N America	C21no	47.91	65.38	138.44	-10.96	0.74	9.52E-008	2.43E-008	1.03E-007	9.25E-008	-2.76E-008	2.63E-007	460	27	2	400	Gaina et al 2002
Eurasia-N America	C22no	49.71	64.52	138.18	-11.5	1.06	1.37E-007	1.26E-007	9.91E-008	3.24E-007	-3.50E-008	3.03E-007	353	21	2	305	Gaina et al 2002
Eurasia-N America	C24n.3no	53.35	63.07	144.26	-12.82	0.84	1.48E-007	9.96E-008	1.97E-007	3.42E-007	9.63E-008	4.16E-007	329	19	2	285	Gaina et al 2002
Eurasia-N America	C25ny	55.9	56.17	145.06	-13.24	0.89	5.29E-006	-2.42E-006	6.57E-006	1.29E-006	-3.02E-006	8.25E-006	112	6	2	97	Gaina et al 2002
Eurasia-N America	C31no	68.74	54.45	147.06	-15.86	1.04	6.65E-006	-2.69E-006	7.95E-006	1.34E-006	-3.21E-006	9.59E-006	120	7	2	103	Gaina et al 2002
Eurasia-N America	C33o	79.08	63.4	147.75	-18.48	1	4.39E-006	-1.66E-006	5.14E-006	8.57E-007	-1.93E-006	6.09E-006	158	9	2	137	Gaina et al 2002
Eurasia-N America	C34ny	83	66.54	148.91	-19.7	1	1.00E-015	1.00E-015	1.00E-015	1.00E-015	1.00E-015	1.00E-015	100	NA	NA	50	Muller and Roest 1992 JGR
N America-Nubia	1o	0.78	79.2	40.2	0.18	1	7.41E-009	-5.77E-009	4.29E-009	5.93E-009	-3.35E-009	5.15E-009	165	40	2	82	Demets et al 2010
N America-Nubia	C5n.1ny	9.74	80.98	22.82	2.48	2.46	4.72E-005	-4.05E-005	2.79E-005	4.35E-005	-2.90E-005	2.06E-005	271	40	2	188	Muller et al 1999
N America-Nubia	C6ny	19.05	80.89	23.28	5.24	1.96	6.13E-005	-4.97E-005	3.56E-005	5.20E-005	-3.59E-005	2.68E-005	191	33	2	122	Muller et al 1999
N America-Nubia	C8n.1ny	25.82	79.34	28.56	7.04	2.53	1.71E-004	-1.71E-004	1.24E-004	1.96E-004	-1.41E-004	1.04E-004	140	18	2	101	Muller et al 1999
N America-Nubia	C13ny?	33.06	75.99	5.98	9.77	1.19	8.32E-005	-8.47E-005	5.97E-005	1.03E-004	-7.14E-005	5.21E-005	159	31	2	94	Muller et al 1999
N America-Nubia	C18n1ny?	38.43	74.54	0.19	11.92	1.65	1.98E-004	-2.08E-004	1.43E-004	2.41E-004	-1.64E-004	1.16E-004	94	15	2	61	Muller et al 1999
N America-Nubia	C21ny	46.26	74.23	-5.01	15.11	1.19	1.80E-004	-2.03E-004	1.36E-004	2.68E-004	-1.80E-004	1.26E-004	96	21	2	51	Muller et al 1999
N America-Nubia	C24n.1ny	52.36	77.34	-1.61	16.96	3.08	2.65E-004	-3.13E-004	2.07E-004	4.05E-004	-2.67E-004	1.80E-004	94	18	2	55	Muller et al 1999
N America-Nubia	C25ny	55.9	80.64	6.57	17.9	1.26	1.19E-004	-1.36E-004	8.64E-005	1.87E-004	-1.18E-004	7.87E-005	110	21	2	65	Muller et al 1999
N America-Nubia	C30ny	65.58	82.74	2.93	20.84	1.07	9.12E-005	-1.07E-004	6.64E-005	1.58E-004	-9.83E-005	6.45E-005	135	23	2	86	Muller et al 1999
N America-Nubia	C32n.2ny	71.59	81.35	-8.32	22.75	1.33	1.23E-004	-1.62E-004	9.70E-005	2.42E-004	-1.46E-004	9.10E-005	142	25	2	89	Muller et al 1999
N America-Nubia	C33no	79.08	78.64	-18.16	26.98	1.85	4.09E-005	-4.02E-005	2.34E-005	5.73E-005	-3.48E-005	2.38E-005	155	25	2	102	Muller et al 1999
N America-Nubia	C34ny	83	76.81	-20.59	29.51	1.82	6.20E-005	-4.83E-005	2.47E-005	6.96E-005	-4.29E-005	3.07E-005	144	23	2	95	Muller et al 1999
Capricorn-Somalia	1no	0.78	-11.66	-128.78	0.54	1	1.03E-006	1.20E-006	-8.65E-007	2.22E-006	-1.11E-006	7.65E-007	242	29	2	181	Bull et al. 2010
Capricorn-Somalia	2ny	1.77	-10.92	-130.82	1.18	1	2.34E-006	1.97E-006	-1.76E-006	3.15E-006	-1.65E-006	1.39E-006	178	25	2	125	Bull et al. 2010
Capricorn-Somalia	2An.1ny	2.58	-11.28	-131.29	1.69	1	1.28E-006	1.59E-006	-9.73E-007	2.85E-006	-1.28E-006	7.87E-007	164	26	2	109	Bull et al. 2010
Capricorn-Somalia	2An.3no	3.58	-13.71	-130.38	2.24	1	1.94E-006	1.73E-006	-1.55E-006	3.02E-006	-1.40E-006	1.28E-006	123	21	2	78	Bull et al. 2010
Capricorn-Somalia	3n.4no	5.23	-10.49	-130.96	3.4	1	2.80E-006	3.42E-006	-2.22E-006	6.27E-006	-2.75E-006	1.87E-006	107	17	2	70	Bull et al. 2010
Capricorn-Somalia	3An.1ny	5.89	-12.64	-131.18	3.69	1	4.93E-006	5.97E-006	-3.93E-006	9.46E-006	-4.91E-006	3.25E-006	108	21	2	63	Bull et al. 2010
Capricorn-Somalia	3An.2no	6.57	-11.98	-130.89	4.2	1	8.16E-006	9.65E-006	-6.72E-006	1.31E-005	-8.05E-006	5.63E-006	84	16	2	49	Bull et al. 2010
Capricorn-Somalia	4n.2no	8.07	-11.62	-130.26	5.11	1	3.83E-006	3.70E-006	-3.47E-006	5.19E-006	-3.38E-006	3.21E-006	89	17	2	52	Bull et al. 2010
Capricorn-Somalia	4Ano	9.03	-13.95	-131.8	5.29	1	6.41E-006	8.79E-006	-5.03E-006	1.55E-005	-7.08E-006	4.11E-006	83	14	2	52	Bull et al. 2010
Capricorn-Somalia	5n.1ny	9.74	-12.33	-132.3	5.78	1	1.76E-005	2.91E-005	-1.20E-005	5.37E-005	-1.97E-005	8.44E-006	58	11	2	33	Bull et al. 2010
Capricorn-Somalia	5n.2no	10.95	-13.99	-133.16	6.26	1	7.52E-006	9.54E-006	-5.65E-006	2.10E-005	-7.27E-006	4.47E-006	148	20	2	105	Bull et al. 2010
Capricorn-Somalia	5An.2no	12.40	-14.23	-134.19	6.98	1	5.64E-006	7.96E-006	-4.08E-006	2.18E-005	-5.56E-006	3.22E-006	87	17	2	50	Bull et al. 2010
Capricorn-Somalia	5ADno	14.61	-16.06	-135.53	7.83	1	1.33E-005	2.72E-005	-9.13E-006	6.47E-005	-1.83E-005	6.81E-006	81	16	2	46	Bull et al. 2010
Capricorn-Somalia	5Bn.2	15.16	-16.73	-136.02	8.01	1	1.77E-005	3.55E-005	-1.28E-005	8.61E-005	-2.45E-005	1.00E-005	55	12	2	28	Bull et al. 2010
Capricorn-Somalia	5Cn.1ny	16.01	-15.14	-135.08	8.93	1	5.89E-006	1.01E-005	-4.25E-006	2.26E-005	-6.94E-006	3.36E-006	65	12	2	38	Bull et al. 2010
Capricorn-Somalia	5Cn.3ny	16.56	-15.66	-135.52	9.33	1	3.71E-006	7.21E-006	-2.54E-006	1.78E-005	-4.76E-006	1.95E-006	69	12	2	42	Bull et al. 2010
Capricorn-Somalia	5Dny	17.23	-16.24	-136.08	9.54	1	6.40E-006	1.41E-005	-3.99E-006	3.50E-005	-8.49E-006	2.79E-006	68	13	2	39	Bull et al. 2010
Capricorn-Somalia	5Eny	18.28	-16.08	-135.67	10.19	1	7.02E-006	1.35E-005	-4.63E-006	3.16E-005	-8.56E-006	3.35E-006	69	13	2	40	Bull et al. 2010
Capricorn-Somalia	6ny	19.05	-17.38	-136.67	10.31	1	1.43E-005	2.44E-005	-9.70E-006	5.31E-005	-1.61E-005	7.03E-006	62	12	2	35	Bull et al. 2010
Capricorn-Somalia	6no	20.13	-17.29	-136.75	10.9	1	5.15E-006	1.10E-005	-3.47E-006	2.94E-005	-7.10E-006	2.56E-006	55	10	2	32	Bull et al. 2010
Capricorn-Somalia	13no	33.55	-16.32	-132.31	18.93	0.59	8.90E-007	2.66E-006	-8.66E-007	8.79E-006	-2.80E-006	9.62E-007	171	22	3	121	Cande et al. 2010 ('basic')
Capricorn-Somalia	18n.2no	40.13	-16.76	-131.58	22.22	0.63	2.11E-006	7.20E-006	-2.05E-006	2.60E-005	-7.29E-006	2.14E-006	125	19	3	81	Cande et al. 2010 ('basic')
Capricorn-Somalia	20ny	42.54	-17.24	-132.14	23.12	0.93	4.95E-007	1.42E-006	-4.11E-007	4.52E-006	-1.30E-006	4.85E-007	133	18	3	91	Cande et al. 2010 ('all')
Capricorn-Somalia	20no	43.79	-17.71	-132.64	23.5	0.78	3.31E-007	1.08E-006	-3.59E-007	3.94E-006	-1.20E-006	5.34E-007	162	18	3	120	Cande et al. 2010 ('all')
Capricorn-Somalia	21ny	46.26	-17.06	-133.3	24.69	0.55	2.38E-007	5.98E-007	-1.82E-007	1.82E-006	-4.83E-007	2.74E-007	154	18	3	112	Cande et al. 2010 ('all')
Capricorn-Somalia	21no	47.91	-17.03	-134.13	25.74	1.86	2.51E-007	7.17E-007	-2.26E-007	2.35E-006	-6.63E-007	3.59E-007	160	18	3	118	Cande et al. 2010 ('all')
Capricorn-Somalia	22no	49.71	-17.22	-136.65	26.87	1.4	4.87E-007	1.64E-006	-4.45E-007	5.99E-006	-1.58E-006	5.81E-007	145	16	3	107	Cande et al. 2010 ('all')
Capricorn-Somalia	23n.2no	51.74	-15.72	-138.5	29.55	0.74	7.87E-007	2.96E-006	-7.36E-007	1.16E-005	-2.85E-006	8.46E-007	136	16	3	98	Cande et al. 2010 ('with SWIR')
Capricorn-Somalia	24n.3no	53.35	-15.65	-141.06	31.4	0.72	1.12E-006	4.30E-006	-9.77E-007	1.72E-005	-3.81E-006	1.03E-006	116	15	3	80	Cande et al. 2010 ('with SWIR')
Capricorn-Somalia	25ny	55.90	-15.71	-144.32	34.05	0.52	2.10E-006	8.13E-006	-1.53E-006	3.27E-005	-6.04E-006	1.33E-006	92	14	3	58	Cande et al. 2010 ('with SWIR')
Capricorn-Somalia	26ny	57.55	-14.95	-145.15	36.37	1.35	2.80E-006	1.14E-005	-2.02E-006	4.82E-005	-8.52E-006	1.71E-006	93	13	3	61	Cande et al. 2010 ('with SWIR')
Capricorn-Somalia	27ny	60.92	-13.35	-146.15	40.64	1.15	2.98E-006	1.21E-005	-1.78E-006	5.08E-005	-7.44E-006	1.32E-006	96	14	3	62	Cande et al. 2010 ('with SWIR')
Capricorn-Somalia	28ny	62.50	-12.86	-146.6	42.71	0.66	7.50E-006	3.00E-005	-3.91E-006	1.22E-004	-1.59E-005	2.28E-006	91	14	3	57	Cande et al. 2010 ('with SWIR')
Capricorn-Somalia	29no	64.75	-13.72	-149.94	44.76	0.53	1.15E-006	4.89E-006	-4.85E-007	2.24E-005	-2.17E-006	3.81E-007	101	16	3	63	Cande et al. 2010 ('with SWIR')
Capricorn-Somalia	C34ny	83	20.058	23.254	-53.78	1	1.00E-015	1.00E-015	1.00E-015	1.00E-015	1.00E-015	1.00E-015	100	NA	NA	50	From Dave
India-Somalia	1no	0.78	19.57	27.97	-0.35	1	1.99E-006	3.41E-006	1.86E-009	6.82E-006	6.01E-007	4.67E-007	401	28	2	342	Bull et al. 2010
India-Somalia	2ny	1.77	21.59	30.83	-0.76	1	4.26E-007	6.51E-007	-4.44E-008	1.32E-006	1.74E-007	2.11E-007	418	24	2	367	Bull et al. 2010
India-Somalia	2An.1ny	2.58	22.48	30.6	-1.07	1	2.94E-006	4.33E-006	-6.73E-007	7.77E-006	-7.56E-009	9.55E-007	486	31	2	421	Bull et al. 2010
India-Somalia	2An.3no	3.58	18.7	34.62	-1.64	1	4.51E-006	7.30E-006	-5.40E-007	1.42E-005	7.06E-007	1.35E-006	450	27	2	393	Bull et al. 2010
India-Somalia	3n.1ny	4.18	22.11	28.45	-1.74	1	4.31E-006	7.11E-006	-2.86E-007	1.34E-005	5.49E-007	8.80E-007	396	33	2	327	Bull et al. 2010
India-Somalia	3n.4no	5.23	22.05	31.64	-2.18	1	2.18E-006	3.53E-006	-3.32E-007	6.89E-006	1.84E-007	6.19E-007	422	25	2	369	Bull et al. 2010
India-Somalia	3An.1ny	5.89	22.89	28.11	-2.33	1	6.98E-006	1.15E-005	-1.71E-006	2.29E-005	-3.39E-007	2.37E-006	350	25	2	297	Bull et al. 2010
India-Somalia	3An.2no	6.57	21.32	30.92	-2.75	1	2.41E-006	4.68E-006	-5.41E-010	9.68E-006	4.53E-007	4.53E-007	349	24	2	298	Bull et al. 2010
India-Somalia	4n.1ny	7.43	22.61	30.57	-2.98	1	5.75E-006	1.17E-005	-2.81E-007	2.68E-005	1.70E-006	1.92E-006	310	23	2	261	Bull et al. 2010
India-Somalia	4n.2no	8.07	22.01	30.79	-3.28	1	4.62E-006	8.01E-006	-1.16E-006	1.58E-005	-6.77E-007	1.40E-006	362	25	2	309	Bull et al. 2010
India-Somalia	4Any	8.67	22.48	30.77	-3.49	1	4.46E-006	6.32E-006	-1.54E-006	1.36E-005	1.13E-006	3.14E-006	364	29	2	303	Bull et al. 2010
India-Somalia	4Ano	9.03	22.59	30.78	-3.69	1	1.45E-006	1.82E-006	-6.92E-007	3.84E-006	3.34E-007	1.33E-006	375	26	2	320	Bull et al. 2010
India-Somalia	5n.1ny	9.74	23.59	30.49	-3.89	1	3.08E-006	4.97E-006	-2.38E-007	1.01E-005	1.36E-006	1.63E-006	440	27	2	383	Bull et al. 2010
India-Somalia	5n.2no	10.95	23.62	29.3	-4.31	1	4.43E-006	7.25E-006	-1.58E-007	1.58E-005	2.01E-006	1.56E-006	551	31	2	486	Bull et al. 2010
India-Somalia	5An.2no	12.40	23.8	29.26	-4.88	1	3.39E-006	5.42E-006	-5.85E-007	1.04E-005	5.02E-007	1.44E-006	459	29	2	398	Bull et al. 2010
India-Somalia	5ADno	14.61	24.6	29.14	-5.76	1	2.83E-006	6.13E-006	4.51E-007	1.40E-005	1.29E-006	3.29E-007	380	24	2	329	Bull et al. 2010
India-Somalia	5Cn.1ny	16.01	24.8	29.3	-6.4	1	1.27E-006	2.26E-006	-1.70E-007	5.70E-006	4.81E-007	5.08E-007	430	29	2	369	Bull et al. 2010
India-Somalia	5Dny	17.23	24.83	30.29	-7.15	1	1.76E-006	2.98E-006	-2.06E-007	6.53E-006	6.03E-007	7.15E-007	408	25	2	355	Bull et al. 2010
India-Somalia	5Eny	18.28	24.77	30.27	-7.64	1	2.47E-006	5.44E-006	3.58E-007	1.32E-005	1.44E-006	5.17E-007	367	21	2	322	Bull et al. 2010
India-Somalia	6no	20.13	25.41	30.6	-8.47	1	3.00E-005	3.60E-005	-1.63E-005	6.11E-005	-7.20E-006	1.81E-005	328	21	2	283	Bull et al. 2010
India-Somalia	13no	33.55	-19.35	-137.7	16.05	1	3.85E-005	5.31E-005	-2.14E-005	1.05E-004	-1.84E-005	2.19E-005	554	NA	NA	10000	Calculated
India-Somalia	18n.2no	40.13	-19.48	-135.85	19.31	1	4.06E-005	6.05E-005	-2.33E-005	1.31E-004	-2.52E-005	2.37E-005	508	NA	NA	10000	Calculated
India-Somalia	20ny	42.54	-19.94	-136.28	20.23	1	3.74E-005	4.99E-005	-2.03E-005	9.48E-005	-1.51E-005	2.08E-005	516	NA	NA	10000	Calculated
India-Somalia	20no	43.79	-20.44	-136.77	20.63	1	3.73E-005	4.98E-005	-2.03E-005	9.50E-005	-1.52E-005	2.10E-005	545	NA	NA	10000	Calculated
India-Somalia	21ny	46.26	-19.6	-137.27	21.82	1	3.73E-005	4.94E-005	-2.02E-005	9.33E-005	-1.46E-005	2.08E-005	537	NA	NA	10000	Calculated
India-Somalia	21no	47.91	-19.49	-138.01	22.9	1	3.70E-005	4.87E-005	-1.99E-005	9.13E-005	-1.41E-005	2.05E-005	543	NA	NA	10000	Calculated
India-Somalia	22no	49.71	-19.63	-140.64	24.1	1	3.72E-005	4.96E-005	-2.01E-005	9.42E-005	-1.48E-005	2.07E-005	528	NA	NA	10000	Calculated
India-Somalia	23n.2no	51.74	-17.83	-142.26	26.82	1	3.80E-005	5.26E-005	-2.09E-005	1.06E-004	-1.75E-005	2.15E-005	519	NA	NA	10000	Calculated
India-Somalia	24n.3no	53.35	-17.69	-144.8	28.76	1	3.86E-005	5.46E-005	-2.13E-005	1.14E-004	-1.90E-005	2.17E-005	499	NA	NA	10000	Calculated
India-Somalia	25ny	55.90	-17.68	-147.99	31.52	1	4.13E-005	6.48E-005	-2.29E-005	1.52E-004	-2.53E-005	2.29E-005	475	NA	NA	10000	Calculated
India-Somalia	26ny	57.55	-16.81	-148.61	33.86	1	3.91E-005	5.72E-005	-2.14E-005	1.25E-004	-2.00E-005	2.16E-005	476	NA	NA	10000	Calculated
India-Somalia	27ny	60.92	-15.03	-149.25	38.15	1	3.97E-005	5.93E-005	-2.15E-005	1.34E-004	-2.02E-005	2.15E-005	479	NA	NA	10000	Calculated
India-Somalia	28ny	62.50	-14.48	-149.55	40.23	1	4.93E-005	9.58E-005	-2.61E-005	2.74E-004	-3.79E-005	2.38E-005	474	NA	NA	10000	Calculated
India-Somalia	29no	64.75	-15.39	-152.91	42.42	1	3.92E-005	5.79E-005	-2.08E-005	1.32E-004	-1.79E-005	2.10E-005	484	NA	NA	10000	Calculated
India-Somalia	C34ny	83	21.571	21.698	-52.702	1	1.00E-015	1.00E-015	1.00E-015	1.00E-015	1.00E-015	1.00E-015	100	NA	NA	50	From Dave
W Antarctica-S America	C1o	0.78	85.7	-139.3	-0.25	1	2.77E-007	-3.66E-008	-4.13E-007	8.52E-009	5.44E-008	6.29E-007	11	2	2	4	Demets et al 2010 (scaled)
W Antarctica-S America	C6y	19.05	-85.88	146.44	-6.79	1	1.00E-015	1.00E-015	1.00E-015	1.00E-015	1.00E-015	1.00E-015	100	NA	NA	50	Livermore et al. 2005
W Antarctica-S America	C8.1y	25.82	-73.48	165.27	7.35	1	1.00E-015	1.00E-015	1.00E-015	1.00E-015	1.00E-015	1.00E-015	100	NA	NA	50	Livermore et al. 2005
W Antarctica-S America	C13y	33.06	-75.11	172.61	10.26	1	1.00E-015	1.00E-015	1.00E-015	1.00E-015	1.00E-015	1.00E-015	100	NA	NA	50	Livermore et al. 2005
W Antarctica-S America	C18.1y	38.43	-75.85	179.21	12.46	1	1.00E-015	1.00E-015	1.00E-015	1.00E-015	1.00E-015	1.00E-015	100	NA	NA	50	Livermore et al. 2005
W Antarctica-S America	C20y	42.54	-77.15	187.47	14.02	1	1.00E-015	1.00E-015	1.00E-015	1.00E-015	1.00E-015	1.00E-015	100	NA	NA	50	Livermore et al. 2005
W Antarctica-S America	C21y	46.26	-79.02	198.47	16.42	1	1.00E-015	1.00E-015	1.00E-015	1.00E-015	1.00E-015	1.00E-015	100	NA	NA	50	Livermore et al. 2005
W Antarctica-S America	C30y	65.58	-78.43	225.32	19.31	1	1.00E-015	1.00E-015	1.00E-015	1.00E-015	1.00E-015	1.00E-015	100	NA	NA	50	Livermore et al. 2005
Pacific-Australia	1no	0.78	59.87	4.39	0.82	1	2.11E-008	1.46E-008	8.12E-009	1.83E-008	4.26E-009	9.72E-009	297	NA	NA	10000	Calculated
Pacific-Australia	2nm	1.86	59.08	4.26	1.96	1	2.83E-008	-1.91E-008	2.49E-008	4.28E-008	-2.48E-008	6.64E-008	178	NA	NA	10000	Calculated
Pacific-Australia	2An.1ny	2.58	58.9	4.31	2.72	1	6.12E-008	-6.00E-008	4.73E-008	9.83E-008	-8.99E-008	1.79E-007	171	NA	NA	10000	Calculated
Pacific-Australia	2An.3no	3.58	59	5.13	3.82	1	4.03E-008	-4.31E-008	4.36E-008	8.04E-008	-6.07E-008	1.58E-007	178	NA	NA	10000	Calculated
Pacific-Australia	3n.1nm	4.24	59	5.88	4.56	1	4.32E-008	-5.48E-008	4.94E-008	1.01E-007	-8.82E-008	1.72E-007	170	NA	NA	10000	Calculated
Pacific-Australia	3n.4nm	5.11	59.03	5.96	5.53	1	7.01E-008	-9.55E-008	8.76E-008	1.80E-007	-1.63E-007	2.96E-007	179	NA	NA	10000	Calculated
Pacific-Australia	3An.1ny	5.89	59.19	5.73	6.42	1	1.17E-007	-1.49E-007	1.46E-007	3.08E-007	-2.68E-007	4.84E-007	171	NA	NA	10000	Calculated
Pacific-Australia	3An.2no	6.57	59.24	4.85	7.15	1	8.70E-008	-1.18E-007	1.13E-007	2.35E-007	-2.05E-007	3.97E-007	186	NA	NA	10000	Calculated
Pacific-Australia	4n.2nm	7.86	58.79	4.87	8.48	1	6.68E-008	-7.04E-008	8.44E-008	1.68E-007	-1.14E-007	3.28E-007	192	NA	NA	10000	Calculated
Pacific-Australia	4Anm	8.86	58.54	4.97	9.54	1	5.47E-008	-6.85E-008	4.68E-008	1.65E-007	-9.85E-008	2.80E-007	196	NA	NA	10000	Calculated
Pacific-Australia	5n.1ny	9.74	58.36	5.32	10.57	1	6.99E-008	-7.75E-008	5.95E-008	2.08E-007	-9.65E-008	3.91E-007	194	NA	NA	10000	Calculated
Pacific-Australia	5n.2no	10.95	58.24	5.15	11.94	1	9.49E-008	-1.21E-007	5.46E-008	3.27E-007	-1.56E-007	5.40E-007	197	NA	NA	10000	Calculated
Pacific-Australia	5An.2nm	12.29	58	5.07	13.51	1	6.42E-008	-8.65E-008	3.55E-008	2.44E-007	-1.19E-007	3.92E-007	213	NA	NA	10000	Calculated
Pacific-Australia	5AAnm	13.07	57.84	5.03	14.4	1	5.84E-008	-7.02E-008	3.49E-008	2.12E-007	-9.79E-008	3.48E-007	210	NA	NA	10000	Calculated
Pacific-Australia	5ADnm	14.40	57.58	4.84	15.96	1	4.39E-008	-5.79E-008	1.99E-008	1.72E-007	-8.04E-008	2.70E-007	212	NA	NA	10000	Calculated
Pacific-Australia	5Bn.2nm	15.10	57.5	4.62	16.75	1	5.09E-008	-5.10E-008	2.61E-008	1.68E-007	-6.53E-008	2.74E-007	213	NA	NA	10000	Calculated
Pacific-Australia	5Cn.1nm	16.15	57.42	4.32	18	1	6.12E-008	-4.37E-008	3.97E-008	1.77E-007	-5.14E-008	3.09E-007	210	NA	NA	10000	Calculated
Pacific-Australia	5Cn.3nm	16.64	57.33	4.33	18.55	1	4.64E-008	-5.41E-008	2.15E-008	1.73E-007	-6.44E-008	2.82E-007	208	NA	NA	10000	Calculated
Pacific-Australia	5Dnm	17.45	57.11	4.3	19.39	1	4.82E-008	-6.06E-008	1.65E-008	1.91E-007	-7.13E-008	2.97E-007	209	NA	NA	10000	Calculated
Pacific-Australia	5Eny	18.28	56.72	4.52	20.17	1	6.10E-008	-6.44E-008	2.08E-008	2.23E-007	-7.83E-008	3.37E-007	201	NA	NA	10000	Calculated
Pacific-Australia	6ny	19.05	56.55	4.36	20.92	1	6.34E-008	-7.98E-008	2.00E-008	2.57E-007	-9.27E-008	3.94E-007	206	NA	NA	10000	Calculated
Pacific-Australia	6no	20.13	56.28	4.36	22.06	1	6.95E-008	-1.00E-007	1.55E-008	3.20E-007	-1.22E-007	4.83E-007	199	NA	NA	10000	Calculated
Pacific-Australia	6An.2nm	21.16	55.98	4.36	23.05	1	4.77E-008	-7.22E-008	9.92E-009	2.37E-007	-9.03E-008	3.58E-007	190	NA	NA	10000	Calculated
Pacific-Australia	6nB.2no	23.07	55.49	4.23	24.96	1	4.11E-008	-4.56E-008	1.68E-008	1.80E-007	-7.00E-008	3.15E-007	196	NA	NA	10000	Calculated
Pacific-Australia	6Cn.3nm	24.06	55.26	4.11	25.95	1	4.19E-008	-4.92E-008	1.56E-008	1.97E-007	-7.88E-008	3.54E-007	195	NA	NA	10000	Calculated
Pacific-Australia	8n.2no	26.55	54.85	3.3	28.52	1	7.93E-008	-8.62E-008	3.41E-008	3.97E-007	-1.58E-007	7.52E-007	202	NA	NA	10000	Calculated
Pacific-Australia	11n.2no	30.10	-53.19	-178.74	-33.73	2.22	5.01E-004	-1.36E-004	5.78E-004	3.77E-005	-1.57E-004	6.69E-004	21	3	2	12	Keller 2004 Caltech Dissertation
Pacific-Australia	12no	30.94	-52.83	-178.81	-34.58	3.04	5.56E-004	-1.62E-004	6.45E-004	4.75E-005	-1.87E-004	7.48E-004	26	4	2	15	Keller 2004 Caltech Dissertation
Pacific-Australia	13no	33.55	-51.7	-178.45	-35.99	2.07	7.79E-006	-2.93E-006	9.56E-006	1.13E-006	-3.55E-006	1.19E-005	94	12	2	67	Keller 2004 Caltech Dissertation
Pacific-Australia	15no	34.94	-51.19	-178.62	-37.49	1.14	2.05E-005	-7.80E-006	2.65E-005	3.05E-006	-1.00E-005	3.45E-005	76	10	2	53	Keller 2004 Caltech Dissertation
Pacific-Australia	16n.2no	36.34	-50.82	-179.3	-39.61	1.58	1.17E-005	-4.33E-006	1.48E-005	1.69E-006	-5.42E-006	1.89E-005	72	11	2	47	Keller 2004 Caltech Dissertation
Pacific-Australia	18n.2no	37.47	-50.36	-178.97	-39.62	1.98	3.02E-005	-1.12E-005	3.83E-005	4.32E-006	-1.42E-005	4.88E-005	47	6	2	32	Keller 2004 Caltech Dissertation
Pacific-Australia	18n.2no	40.13	-49.81	-179.55	-41.77	4.06	2.40E-004	-8.36E-005	2.86E-004	2.96E-005	-9.99E-005	3.41E-004	52	9	2	31	Keller 2004 Caltech Dissertation
Pacific-Australia	-	52.14	-49.67	177.95	-47.86	2.01	2.19E-005	-7.15E-006	2.54E-005	2.51E-006	-8.09E-006	3.01E-005	52	8	2	33	Keller 2004 Caltech Dissertation
Pacific-Australia	24n.3no	53.35	49.39	-3.31	48.04	2.15	2.59E-006	-8.87E-006	3.94E-006	3.93E-006	-1.11E-005	6.98E-006	118	NA	NA	70	adding Tasman sea spreading from Gaina et al. 1998
Pacific-Australia	25ny	55.90	48.67	-5.56	48.4	2.07	4.19E-006	-9.80E-006	6.09E-006	4.53E-006	-1.26E-005	1.10E-005	120	NA	NA	78	adding Tasman sea spreading from Gaina et al. 1998
Pacific-Australia	26no	57.91	47.62	-8.04	48.9	1.74	-3.64E-006	-9.38E-006	-4.40E-008	4.61E-006	-1.31E-005	7.32E-006	110	NA	NA	66	adding Tasman sea spreading from Gaina et al. 1998
Pacific-Australia	27no	61.28	48.22	-9.14	49.72	1.54	-6.96E-007	-6.14E-006	7.58E-006	1.84E-006	-1.32E-005	1.46E-005	114	NA	NA	68	adding Tasman sea spreading from Gaina et al. 1998
Pacific-Australia	28ny	62.50	47.85	-10.13	50.1	1.73	1.57E-006	-5.80E-006	5.95E-006	9.30E-007	-1.10E-005	9.15E-006	124	NA	NA	74	adding Tasman sea spreading from Gaina et al. 1998
Pacific-Australia	29ny	63.98	48.24	-10.58	50.46	2.51	7.17E-006	-1.02E-005	5.80E-006	4.19E-006	-1.15E-005	7.99E-006	113	NA	NA	67	adding Tasman sea spreading from Gaina et al. 1998
Pacific-Australia	30ny	65.58	47.38	-12.4	50.87	2.45	1.71E-006	-8.01E-006	2.82E-006	3.15E-006	-1.02E-005	7.46E-006	98	NA	NA	54	adding Tasman sea spreading from Gaina et al. 1998
Pacific-Australia	31ny	67.74	45.68	-15	51.53	1.36	2.90E-006	-5.87E-006	5.91E-007	5.25E-006	-1.09E-005	4.64E-006	102	NA	NA	62	adding Tasman sea spreading from Gaina et al. 1998
Pacific-Australia	32n.1ny	71.07	41.97	-19.08	53.1	1.27	4.30E-006	-5.05E-006	6.85E-007	6.90E-006	-1.26E-005	7.12E-006	92	NA	NA	54	adding Tasman sea spreading from Gaina et al. 1998
Pacific-Australia	33ny	73.62	43.14	-19.18	53.78	1.08	3.94E-006	-5.22E-006	6.62E-007	6.48E-006	-1.22E-005	6.56E-006	93	NA	NA	53	adding Tasman sea spreading from Gaina et al. 1998
Pacific-Australia	34ny	83.00	43.14	-19.18	53.78	1.08	3.94E-006	-5.22E-006	6.62E-007	6.48E-006	-1.22E-005	6.56E-006	93	NA	NA	53	adding Tasman sea spreading from Gaina et al. 1998
S America-Nubia	C1o	0.78	60.9	-39.000	0.23	1	1.700E-09	-6.000E-10	0.000E+00	7.000E-10	-4.000E-10	3.200E-09	126	5	2	113	Demets et al. 2010
S America-Nubia	C5n.1ny	9.740	62.050	-40.590	3.180	0.71	2.720E-04	-7.073E-05	-2.042E-04	3.179E-05	5.487E-05	1.669E-04	57	13	2	28	Muller et al 1999
S America-Nubia	C6ny	19.048	58.770	-37.320	7.049	1.10	2.091E-04	-4.353E-05	-1.308E-04	1.974E-05	2.804E-05	9.422E-05	58	14	2	29	Muller et al 1999
S America-Nubia	C8n.1ny	25.823	57.590	-36.270	9.962	0.85	6.330E-04	-2.066E-04	-3.588E-04	8.134E-05	1.160E-04	2.334E-04	52	14	2	21	Muller et al 1999
S America-Nubia	C13ny	33.058	56.170	-33.640	13.410	0.67	9.525E-05	-2.385E-05	-5.374E-05	2.117E-05	1.676E-05	3.765E-05	64	13	2	35	Muller et al 1999
S America-Nubia	C18n.1ny	38.426	57.100	-33.000	15.912	1.44	3.170E-04	-1.210E-04	-1.839E-04	5.766E-05	7.124E-05	1.267E-04	57	14	2	26	Muller et al 1999
S America-Nubia	C21ny	46.264	56.950	-31.150	19.107	0.89	1.117E-04	-3.955E-05	-6.408E-05	2.546E-05	2.525E-05	4.334E-05	79	17	2	42	Muller et al 1999
S America-Nubia	C24n.1ny	52.364	58.890	-31.180	21.380	0.87	2.510E-04	-1.102E-04	-1.171E-04	6.070E-05	5.352E-05	6.722E-05	52	12	2	25	Muller et al 1999
S America-Nubia	C25ny	55.904	61.350	-32.210	22.273	1.01	2.512E-04	-1.157E-04	-1.332E-04	7.341E-05	6.681E-05	8.144E-05	53	11	2	28	Muller et al 1999
S America-Nubia	C30ny	65.578	63.880	-33.610	24.755	1.74	1.502E-04	-6.988E-05	-8.168E-05	5.207E-05	4.322E-05	5.358E-05	73	14	2	42	Muller et al 1999
S America-Nubia	C32n.2ny	71.587	63.410	-33.380	26.573	1.16	3.016E-04	-1.398E-04	-1.667E-04	9.696E-05	8.326E-05	1.019E-04	53	11	2	28	Muller et al 1999
S America-Nubia	C33no	79.075	62.920	-34.360	30.992	1.74	9.249E-05	-2.900E-05	-4.696E-05	3.493E-05	2.513E-05	3.347E-05	65	13	2	36	Muller et al 1999
S America-Nubia	C34ny	83.000	61.880	-34.260	33.512	0.97	8.711E-05	-4.332E-05	-4.971E-05	4.014E-05	3.230E-05	3.649E-05	75	16	2	40	Muller et al 1999
Pacific-Mantle	Calculated	0.01	57.17	-52.72	0.00	1	1.16E-005	-2.09E-006	1.79E-005	4.06E-005	-5.22E-005	1.20E-004	100	NA	NA	50	Wessel & Kroenke 2008
Pacific-Mantle	Calculated	1.31	57.17	-52.72	1.66	1	1.16E-005	-2.09E-006	1.79E-005	4.06E-005	-5.22E-005	1.20E-004	100	NA	NA	50	Wessel & Kroenke 2008	
Pacific-Mantle	Calculated	3.36	59.65	-70.92	3.4	1	3.29E-005	-6.56E-006	7.70E-006	2.16E-005	-1.56E-005	2.45E-005	100	NA	NA	50	Wessel & Kroenke 2008	
Pacific-Mantle	Calculated	6.48	59.22	-65.62	6.04	1	3.66E-005	-8.71E-006	2.49E-005	3.64E-005	-4.93E-005	9.39E-005	100	NA	NA	50	Wessel & Kroenke 2008	
Pacific-Mantle	Calculated	8.27	60.05	-68.92	7.55	1	3.76E-005	1.32E-005	-1.11E-006	2.82E-005	-1.44E-005	5.46E-005	100	NA	NA	50	Wessel & Kroenke 2008	
Pacific-Mantle	Calculated	11.11	63.87	-68.82	9.96	1	2.54E-005	1.26E-005	7.64E-006	3.16E-005	-1.91E-005	6.66E-005	100	NA	NA	50	Wessel & Kroenke 2008	
Pacific-Mantle	Calculated	13.95	67.58	-60.8	12.4	1	4.21E-005	-1.66E-006	7.54E-006	1.07E-004	-2.97E-005	4.68E-005	100	NA	NA	50	Wessel & Kroenke 2008	
Pacific-Mantle	Calculated	15.67	66.15	-62.55	13.9	1	5.95E-005	3.22E-005	9.93E-006	1.04E-004	-2.36E-005	1.01E-004	100	NA	NA	50	Wessel & Kroenke 2008	
Pacific-Mantle	Calculated	18.76	68.43	-62.57	16.6	1	2.75E-004	2.42E-004	-2.09E-004	2.83E-004	-2.21E-004	4.21E-004	100	NA	NA	50	Wessel & Kroenke 2008	
Pacific-Mantle	Calculated	22.66	69.65	-66.55	20	1	2.10E-004	9.96E-005	6.91E-005	6.43E-005	2.11E-005	1.17E-004	100	NA	NA	50	Wessel & Kroenke 2008	
Pacific-Mantle	Calculated	24.35	69.75	-64.23	21.5	1	4.01E-004	3.73E-004	-4.23E-005	3.87E-004	-4.70E-005	3.07E-005	100	NA	NA	50	Wessel & Kroenke 2008	
Pacific-Mantle	Calculated	27.28	67.52	-70.43	24	1	1.16E-004	4.06E-005	6.88E-005	5.22E-005	5.22E-006	8.43E-005	100	NA	NA	50	Wessel & Kroenke 2008	
Pacific-Mantle	Calculated	33	66.53	-68.75	27	1	5.99E-005	2.70E-006	1.46E-005	5.70E-005	-5.52E-005	1.00E-004	100	NA	NA	50	Wessel & Kroenke 2008	
Pacific-Mantle	Calculated	39.44	66.17	-65.62	30.2	1	3.35E-005	8.23E-006	-2.62E-006	1.81E-005	-2.25E-006	6.35E-006	100	NA	NA	50	Wessel & Kroenke 2008	
Pacific-Mantle	Calculated	44.08	65.55	-64.52	32.5	1	6.86E-005	-1.13E-005	1.79E-005	1.06E-005	-1.56E-005	3.69E-005	100	NA	NA	50	Wessel & Kroenke 2008	
Pacific-Mantle	Calculated	47.56	63.8	-66.33	34.3	1	9.24E-005	7.79E-005	-3.29E-005	1.81E-004	-7.69E-005	5.48E-005	100	NA	NA	50	Wessel & Kroenke 2008	
Pacific-Mantle	Calculated	50.8	61.27	-68.77	35.9	1	1.13E-004	1.24E-004	-7.83E-006	3.06E-004	-3.63E-005	2.29E-005	100	NA	NA	50	Wessel & Kroenke 2008	
Pacific-Mantle	Calculated	54.7	57.57	-71.87	37.8	1	6.26E-005	1.70E-005	9.31E-006	1.87E-004	-4.62E-005	3.10E-005	100	NA	NA	50	Wessel & Kroenke 2008	
Pacific-Mantle	Calculated	58	55.38	-73.55	39.5	1	9.39E-005	8.04E-005	-1.14E-005	1.62E-004	-2.72E-005	1.47E-005	100	NA	NA	50	Wessel & Kroenke 2008	
Pacific-Mantle	Calculated	71	51.08	-76.32	42.4	1	5.61E-005	2.75E-005	-8.01E-006	1.47E-004	-2.05E-005	1.50E-005	100	NA	NA	50	Wessel & Kroenke 2008	
Pacific-Mantle	Calculated	78.1	50.3	-79.45	44.3	1	1.67E-004	3.81E-005	-9.38E-005	4.34E-005	-2.30E-005	6.11E-005	100	NA	NA	50	Wessel & Kroenke 2008	
Pacific-Mantle	Calculated	80.6	48.48	-80.73	46	1	4.91E-004	-1.61E-005	-2.88E-004	6.82E-005	-1.15E-005	1.83E-004	100	NA	NA	50	Wessel & Kroenke 2008	
Pacific-Mantle	Calculated	83.7	47.48	-81.02	48	1	5.44E-004	-4.28E-005	-8.50E-005	7.96E-005	-4.63E-005	5.87E-005	100	NA	NA	50	Wessel & Kroenke 2008	
